
    \begin{center}
    \begin{tabular}{c|c}
    parameter & value \\
     Starting value of $\beta $  & [0, 0, 0, 0, 0] \\
     \hline
     Starting value of $\eta$ & 0.05 \\ 
     \hline
     Real values of $\beta$ & [-1, -1.2, -0.65, -0.25, 1.55] \\
     \hline
     Real value of $\eta$ & 0.12  \\
     \hline
     $n$ & 100  \\
     \hline
     $X$ & $\mathcal{U}([5, 5, 5, -5], [10, 10, 10, 10])$  \\
     \hline
     Censure & $\exp(30)$  \\
     \hline
     Optimization method & (gibbs)  \\
     \hline
     Seed &$123456$  \\
     \hline
     Constante &$Yes$  \\
     \hline
\end{tabular} \begin{tabular}{c|c|c|c}
    Iteration & beta & eta & Frailty mean\\ 
    \hline
    0 & [-0.258 -0.894 -0.697 -0.407  1.329] & [ 0.05] & [0.0, -0.12667972471597463, 0.28151165420992458, 0.10905184915987387, 0.013970249714311904, -0.055962928676840898, 0.29035821763057529, 0.016078378736851567, -0.16692977061351533, 0.0, -0.01433484502059853, 0.094425341103672414, -0.045569885963825718, -0.16979387050923586, 0.13747657664686039, 0.081166813372381255, 0.35350444991032814, 0.1405599708387324, -0.10373147036916366, 0.12133992520038393, -0.13539568165082658, 0.35813616151395289, 0.17803081928216458, 0.2298063798900136, -0.024421841396739981, 0.1410102219227084, 0.12011163454136119, 0.19368537569640396, -0.16282020932724228, 0.0708729485008152, -0.14770158994413402, 0.14592327219471604, 0.0, 0.088929865324838445, -0.17244757779026657, 0.26469873377377467, -0.14389647923777457, 0.17591939596391212, 0.29760823784011431, -0.12898456318143969, 0.11895742213517224, 0.099384898481213957, -0.011306480646682113, 0.014450476810403312, -0.031496458185779778, -0.24807081779946816, -0.36474024632226482, -0.01551479352124553, 0.11179334685411453, 0.053832291812876049]\\ \hline1 & [-0.332 -0.848 -0.648 -0.402  1.261] & [-0.035] & [0.19265013641931683, 0.37073097535611799, -0.19674264072303968, -0.10702279525251726, -0.14100287363260741, -0.084347585946438625, -0.075194986256347462, -0.075187551605268438, 0.14956249708684125, 0.081520747672707075, -0.093651627973329279, -0.071019186957915009, -0.13611430280827508, 0.010256046523477958, -0.22421136921491397, 0.014836356419411851, -0.35965963795620032, -0.0258601153555948, 0.070343626475122906, -0.23347510236098587, 0.33925433216798079, -0.3212894162627748, -0.077977521754766174, -0.088476917451818765, 0.009316216227651818, -0.098427427323381445, -0.19140132721110109, -0.10348716135707489, 0.10610694617201458, 0.0096293049108104236, 0.14555762244685422, -0.10862552795495828, -0.15694648315231108, -0.11215739094146009, 0.3611027134615869, -0.17927852797640326, 0.23364353518464615, -0.29822508008780257, -0.010978035215424632, -0.19729685414761636, -0.17911862355850641, -0.11080709696964498, -0.073938118912897269, -0.077721719879974213, 0.0762582967542388, 0.16125753609839572, 0.21730195154760884, 0.009242591250168488, 0.023576426262289275, 0.010052895339388124]\\ \hline2 & [-0.361 -0.865 -0.631 -0.397  1.262] & [-0.02] & [0.21743516728647189, 0.23407087244513597, -0.14263906436697121, 0.084884052115110048, -0.21378115572223841, 0.047765742316746726, -0.055975024437344631, -0.030806779702827431, 0.058587247906242236, 0.085269246847083882, 0.11386900836844698, 0.12887632857018916, -0.057952145276355414, 0.10655671272510499, -0.068532405500853016, -0.10631368391534558, -0.085101994958697955, -0.015127651686776234, 0.053652036123040994, -0.12720739001005155, 0.22130848335652353, -0.19886435929424182, -0.14986808530433518, -0.046227612192488395, -0.081492547669947221, 0.026400037459512533, -0.067479258359189498, -0.087318426408968058, 0.11618821349771111, -0.058113986709637057, 0.06348179085762938, -0.040806236182085287, 0.064005164405674234, 0.03341257686661088, 0.21123788495455478, 0.11991652813048165, 0.11947871922789648, -0.24048064741781772, 0.031439389285551178, -0.095457244173101169, -0.099141424648022197, 0.010236588825271091, 0.074182568911928023, -0.20943518683451681, -0.044100822248026222, 0.14918539885120394, 0.15825530981278854, -0.017827907074239625, -0.00086020422707274553, 0.089538956001264824]\\ \hline3 & [-0.394 -0.878 -0.622 -0.392  1.267] & [-0.023] & [0.31051576707393608, 0.18487375760534688, -0.090622375045006157, 0.010884280646885534, -0.29102347841429799, 0.028460260709820218, -0.083049931113680697, -0.10745487894682364, -0.12055979596164057, 0.11002555528216681, 0.11905864603527951, 0.12973372335472097, 0.043498782448697308, 0.26098100211547515, -0.084796560836147603, -0.033961014772586909, -0.08242989812923901, 0.045404587460312736, 0.19807833192128826, -0.061169317108872301, 0.24362752253708669, -0.14979529920387624, -0.10918940233434153, 0.050021762370736959, 0.041126259998996065, 0.25086824617545789, -0.10256509297771249, 0.043154409371320451, 0.057449296867731002, -0.031079141318579827, -0.057904561317023859, 0.045573138190597488, 0.042968009055140088, 0.0096163134763832224, 0.2895571151749346, 0.16482901301913808, -0.028454866856713907, -0.26487525301268888, 0.11727764574642385, -0.1748593436748046, -0.09264548741092464, 0.21310321605829344, -0.028002999554798704, -0.17712858266622306, -0.16502746077984223, 0.078912451773003739, 0.30791461815262799, -0.02893784630991791, -0.047618442223462891, 0.19938245791346157]\\ \hline4 & [-0.438 -0.889 -0.621 -0.385  1.274] & [-0.051] & [0.38980234123283114, 0.4374780335845474, -0.20168720148508296, 0.23828897908525731, -0.58974995453014656, 0.53747534494151306, -0.5506617119477597, -0.52362634014734721, -0.10129298426439133, 0.537395620032868, 0.24287035534560483, 0.35442215875025623, 0.27350845198537932, 0.71427748354585652, -0.18544355183435141, 0.1050901267545535, -0.14442259146610653, -0.11558939945271389, 0.56513940836858145, 0.1575814037043804, 0.28415232935133861, 0.048629004771867691, -0.17675186551296504, 0.27696342345165276, 0.074681001004998471, 0.39475042862927495, 0.058062610416033056, 0.35032624905088211, -0.063556623319601338, -0.27277945551449256, -0.52119001287349598, 0.16455282235165924, 0.20585571173371398, -0.019608020292097395, 0.53255393712915677, 0.22685755757513845, -0.022940540947633058, -0.68605228224395176, 0.16261920614974079, -0.2010681403513617, -0.32450410202019381, 0.42892056172621879, -0.13324348151183468, -0.4560143422563383, -0.12277481786739763, 0.18970107243059811, 0.80793433560908245, -0.12073753178893722, -0.026478239943425758, 0.52538887515334354]\\ \hline5 & [-0.558 -0.886 -0.607 -0.376  1.264] & [-0.022] & [0.29296344889501064, 0.12171767073979541, -0.054211043863994508, -0.024537551969722789, -0.23962696708819795, 0.061338574758999571, -0.30926632636478762, -0.34627436380541471, 0.057354878230277101, 0.25810038935903273, 0.18093558552602951, 0.16309751514567847, 0.2515189046816026, 0.29062706179996206, -0.015189784925541534, 0.050180702841242743, -0.1608794328688983, -0.11595940807757533, 0.20365790133469211, -0.13049603212732705, 0.18396922368570842, 0.15523613267501382, -0.066704757978236662, 0.19730050738110044, 0.043978345033371828, 0.059013329914260594, -0.03446008886126127, 0.18946679420208096, -0.039264437949244724, -0.0011293838984766848, -0.072406863067677213, 0.073702985499905935, 0.072001750654250032, 0.011649202081067303, 0.22785135102793524, 0.069738580241390749, -0.1198582784806612, -0.30182849119715671, 0.066904339704715265, -0.1294709961120861, -0.17490262487052466, 0.24936576025945092, 0.070445875188709206, -0.13937393983580026, -0.056651913659802482, 0.16402992423579174, 0.45333342495007889, -0.17499019522248346, 0.10000631303392371, 0.33947989592402572]\\ \hline6 & [-0.596 -0.872 -0.614 -0.371  1.264] & [-0.017] & [0.20150078970388288, 0.087320285488126467, -0.040340717673836415, -0.2074005547131843, -0.22339384246641875, 0.058708796556660343, -0.1160356573144352, -0.17739220097072089, 0.1176011763883293, 0.20242782356774022, 0.059865866457797526, 0.12643334045193527, 0.19029349677323967, 0.18094687939521778, -0.10873951408233913, 0.04416232796891903, -0.074178637468529887, -0.051595368067185121, 0.11240332828466731, -0.19919279522821579, 0.16532292490325853, 0.14413083965568288, -0.017337651292284872, 0.14230178028708948, 0.029724042544952568, 0.13256415008639366, -0.014574446112314149, 0.18363604511499404, -0.16502133783275871, 0.018354145761287577, -0.058730397384909899, 0.14126831435882486, 0.050830472526760789, 0.034973674217163991, 0.18608082422165792, -0.062093908049733151, -0.035549134339257514, -0.24012097828235451, -0.053765290455127193, 0.038619337717507134, -0.14773613941066377, 0.24789925676511693, 0.064815260540949715, -0.10770820265333422, 0.030413211203443972, 0.24775019473777718, 0.39124012690100662, -0.15564385572163231, 0.095551066705677867, 0.28112541266832575]\\ \hline7 & [-0.651 -0.872 -0.615 -0.37   1.27 ] & [-0.032] & [0.37112493255926382, -0.0276598214351517, 0.027118049456091451, -0.63661001052523947, -0.26157602709397426, 0.19103807762486877, -0.12982170179170488, -0.42764622862955148, 0.2482201443855227, 0.50386754773967035, 0.21481260003229286, 0.28621417794691084, 0.26027393187127784, 0.29641689120930748, -0.292122526592209, 0.14323223540832644, -0.26027649190280594, 0.10365333361355109, 0.19057249483531474, -0.50071645024383094, 0.14703471165193349, 0.2047118078401676, 0.20516271029591271, 0.22843802294111668, 0.31123678505427349, 0.36479834355694046, -0.072222827439694964, 0.39822389241394168, -0.22086361065561236, 0.021098947743335442, -0.0972099246936831, 0.24990033131859479, 0.097209974276679545, -0.20741505685542513, 0.41342139643188169, -0.42187404733249084, -0.10386278914070278, -0.45641395079079744, -0.29899769019357536, -0.24239183595503797, -0.052326235737514888, 0.41024614231917883, -0.066755550369217792, -0.33279585611586049, 0.018926133868086007, 0.25848725198488803, 0.6751603782574821, -0.30883156858237859, 0.37439221244295678, 0.5141884013596314]\\ \hline8 & [-0.653 -0.871 -0.62  -0.371  1.273] & [-0.028] & [0.074436354012847261, -0.049650446630544597, 0.039966570280346378, -0.55189871046309402, -0.22870316731854645, 0.30944321520229268, -0.1858149162037793, -0.42245946487964725, 0.2194887641510076, 0.59885094323795407, 0.33552386797076961, 0.24605628801412621, 0.27224584120722289, -0.082278766312667423, -0.33151422191011259, 0.32325093995771736, -0.23014959437207769, 0.28000094283346744, 0.047821580446046341, -0.3246903981028218, 0.0090321025279861758, 0.38954330776948126, 0.39734938939162051, 0.32374856736702934, 0.30875875059006419, 0.22146462265270891, 0.027032241905269528, 0.39954724954258108, -0.079699732837757178, 0.10384749630459307, -0.0047396258877886732, 0.16182973318909497, -0.058608538891874763, -0.41477396469600553, 0.45976728913745551, -0.3745692919369622, -0.085779756468042673, -0.47152972834110396, -0.32414049395412736, -0.33787189460705092, 0.018124339597873938, 0.33823990004302035, 0.16386451556310397, -0.44504410420010043, 0.12433038170750275, 0.18060594340664649, 0.57973553858199711, -0.38768856859311795, 0.34571767516452856, 0.4235655954000096]\\ \hline9 & [-0.656 -0.871 -0.633 -0.378  1.292] & [-0.04] & [0.18486866977406247, -0.020851519877729416, 0.091374859484978754, -0.98750697299674783, -0.33618929080761861, 0.57663466747348058, -0.28151573474780034, -0.65130578008785467, -0.012237103960909405, 1.0940552050926786, 0.55745776363762156, 0.34896275587125569, 0.25241944794619375, 0.086887372987992706, -0.54962564347572684, 0.74457367339134539, -0.49085567991627138, 0.63550170204021372, 0.2430909520105935, -0.67825337488581572, 0.077088379603457852, 0.70158232400127329, 0.65259403782870717, 0.59322726925598668, 0.31207922391512399, 0.55323712089392263, -0.27879191730667624, 0.57244314249402795, 0.23895102358222403, 0.34309468572679686, -0.0067906019639928572, 0.17403659685856041, -0.053034789463034658, -0.56133714879178231, 0.84664707070609513, -0.63509144570360621, -0.30759250891881207, -0.51928641437043421, -0.43504158735811815, -0.52788898712405208, 0.14118349107931108, 0.38151339413800406, 0.41055835324172607, -0.51333828985838981, -0.041546989718179599, 0.36116253323200209, 0.65266707680726954, -0.23804974205384036, 0.5998947282733168, 0.58732419031850736]\\ \hline10 & [-0.619 -0.89  -0.65  -0.387  1.322] & [-0.036] & [0.20367070796378434, 0.0019170518436636538, -0.029223389484489111, -0.99666771096894258, -0.42091536419408754, 0.44523706001639585, -0.40660030821863119, -0.70440724480844896, -0.012001170112037548, 0.85197267784919994, 0.6372286851135307, 0.18109293285485736, -0.01877344076049875, -0.0018510149889095317, -0.45760946820789833, 0.79462963879643922, -0.29230069739545145, 0.75817677542342254, 0.35411949514550217, -0.71799201865827833, 0.053302778237821168, 0.68534133623010662, 0.58467041654729512, 0.47412735530952499, 0.32605275801558831, 0.71141187354395186, -0.30542744660470394, 0.60161860927935129, 0.080103798948926067, 0.35030413898110385, 0.24875676742319036, 0.15592243214222651, -0.068095356271223775, -0.56850741881037703, 0.69714864411054445, -0.5617294344728454, -0.51253621397742943, -0.51754074002310602, -0.48787501578824261, -0.4159135997455341, 0.19852462789084266, 0.48574402276988282, 0.59210802984557087, -0.39222104654319212, -0.25644003623495648, 0.078076118972000647, 0.59584995642227068, -0.094946417460205337, 0.5425530878184126, 0.38719731821967213]\\ \hline11 & [-0.611 -0.881 -0.647 -0.388  1.314] & [-0.031] & [0.11935529996799019, -0.085421990889233107, -0.058603814519130784, -0.83907036683248526, -0.39095290272016381, 0.27803407102830796, -0.37577482015104885, -0.64017526785293899, 0.19428434620885104, 0.66487514662498004, 0.68170325787562436, 0.0041577249619365441, -0.086340090695829791, 0.063763887834760821, -0.38932806854557989, 0.73359073298590738, -0.20279552817046959, 0.64504674859046585, 0.33738562058218047, -0.62811317098876362, 0.10280109572028237, 0.51273668094361879, 0.67846019236085831, 0.17708692350196142, 0.2638743586466385, 0.56407645331409706, -0.38731842859550086, 0.57144054234058728, 0.088823296222712039, 0.22198784938545602, 0.21163895969589802, 0.27032827857818376, -0.30493030093676721, -0.56205577961935804, 0.56689983741891159, -0.24051358629141736, -0.34247446116003422, -0.55922318484397948, -0.51606599734760761, -0.21251396013804466, 0.19381371516348722, 0.28784538116436681, 0.3742848461080806, -0.39478019285925192, -0.26788605713906688, 0.042021386219952689, 0.55516913492460085, -0.11663832431739186, 0.45238766035993028, 0.3111256212845514]\\ \hline12 & [-0.609 -0.866 -0.632 -0.382  1.285] & [-0.028] & [0.049408384913315631, 0.028137446918104415, -0.052992020475100057, -0.93576439796229438, -0.41764424637277409, 0.13272674168256848, -0.37525929875972697, -0.43866395594834134, 0.10665366259479225, 0.50066691393835627, 0.54284407126905454, -0.02018794389545708, -0.28203043975174436, -0.017074171899499578, -0.49030796198656557, 0.49960705509655684, -0.28471649494038326, 0.75993402484312178, 0.19240130404129507, -0.34003443198505884, 0.11717462144411193, 0.40293302839009526, 0.58146490877487211, 0.13264160321899646, 0.21270983227999549, 0.53862783367594014, -0.45867416117530807, 0.76637643675261868, -0.030758622765532779, 0.15048485863942504, 0.10920894906400459, 0.23686088029308999, -0.28612407696573672, -0.51867948813587195, 0.52268464202716025, -0.15314162776164453, -0.26166481680323173, -0.75191349050653311, -0.52462718119734808, -0.13922488191047303, 0.18301201591015001, 0.18057808605802533, 0.1582251852708923, -0.49285725408551273, -0.25478612723192834, 0.24349638260553824, 0.51800314608971787, 0.047681341116931134, 0.400195802746311, 0.20427551925468479]\\ \hline13 & [-0.617 -0.865 -0.628 -0.38   1.283] & [-0.025] & [-0.014450407649447146, -0.0031963639329823626, -0.170606257039607, -0.81454421006029087, -0.11841674097563137, 0.037962111492900727, -0.29113775476919379, -0.39519010115432224, 0.10833237931500152, 0.50475407280233642, 0.39252904917239934, 0.088778520826270371, -0.35451561651365282, -0.083592555770334434, -0.17816659200960608, 0.44025815198548873, -0.27353194778227774, 0.77886595722729413, 0.24409906641559678, -0.24543266105589043, 0.23651145298048251, 0.3076896766258273, 0.46431508364210544, 0.053304288476566125, 0.090902195186942203, 0.43366986248768469, -0.50239832666610862, 0.68666033595525622, -0.031346341006659111, 0.16553624832340086, 0.097849372785212552, 0.089927492112950397, -0.25636233760876914, -0.28493046123705024, 0.48039212236844009, -0.25421846206319276, -0.38732786133615227, -0.85898590079365866, -0.40565946004054348, -0.037916284166212712, 0.024496762118701512, 0.24986431811629223, 0.041378053878425788, -0.31749581390190812, -0.23995581878223424, 0.21403841223937289, 0.30195253443165104, 0.12455236903450879, 0.43938877089152018, 0.32822078587357423]\\ \hline14 & [-0.616 -0.873 -0.627 -0.38   1.287] & [-0.029] & [0.23362030019277677, 0.031481274964470424, -0.1340835825168992, -0.9896208821811181, -0.11101676788869766, 0.011216514257945145, -0.31749846255926423, -0.44678628998298492, 0.054524184828679753, 0.62580148782144984, 0.44812768097090094, 0.11781528635661141, -0.43050878085145872, -0.13615184416902426, 0.061315579298292441, 0.58057036583926669, -0.30841932005380984, 0.95302976173771359, 0.20018808963847731, -0.50026213807682662, 0.52231026581525042, 0.33941143952126218, 0.69666183890700362, 0.060595820584988323, 0.028745954700170169, 0.51532840820760184, -0.45582747598944617, 0.93885659578329883, -0.051588289145449183, 0.1383791982541866, 0.051650489078102164, 0.086714319721709648, -0.35882259529096039, -0.32192005956681791, 0.64652416175968419, -0.10597074770993471, -0.47466434888961434, -0.83056439425553064, -0.44931948079275591, -0.081781887948430207, -0.03217627694742875, 0.19250415182133584, -0.025534810205261424, -0.34154677979334191, -0.37171304793715337, 0.29387581438587179, 0.21950757211853686, 0.032749185906640936, 0.43119401927024603, 0.64498314981565186]\\ \hline15 & [-0.61  -0.881 -0.625 -0.388  1.295] & [-0.029] & [0.22846910169091184, 0.050890008024980081, -0.1672059008436706, -0.9740322146958722, -0.23178127246072874, -0.096399284391779833, -0.25837371525269659, -0.54510657573490706, 0.0083521270780930815, 0.63319647151496083, 0.4801827610112, 0.11408344386246171, -0.28900339954761212, -0.083059681558816045, 0.059963604662690496, 0.36634626495732703, -0.26684496786256867, 0.90145381642424893, 0.24226245723558434, -0.45105655543722228, 0.64976292426411553, 0.29190926925101873, 0.65551902185407052, -0.0089296479727737736, 0.1510627717769274, 0.67520218492089323, -0.32114756246836473, 1.0319960173588423, 0.032640955116192978, 0.17218231488789604, 0.0250092395072735, 0.11303636209322314, -0.35091075537904831, -0.2533009864813841, 0.50316782635316204, -0.10943002530737682, -0.53773846527222824, -0.81225090839894598, -0.53359648362365775, -0.031001182501460389, -0.1138042901633496, 0.058400376730843154, -0.0092265821899259384, -0.42891096687998159, -0.45271696695714581, 0.40428831210818689, 0.11536199864270295, -0.049454779846891547, 0.48616712132894568, 0.75273576478426996]\\ \hline16 & [-0.615 -0.869 -0.624 -0.389  1.286] & [-0.028] & [0.048361667348226785, 0.0024475003748095402, -0.16512702658005457, -0.8798571104283448, -0.12571196242388746, -0.13278557754415929, -0.25516134975408972, -0.62031600195871039, 0.0082482849173709447, 0.75857734474851746, 0.43793860845649102, 0.07815456099925934, -0.23591735438445252, 0.044796517351103106, 0.014480610205707728, 0.3911839856133224, -0.2161579141478468, 0.82333298182252557, 0.083867094997713013, -0.46005567147176124, 0.53904421439899508, 0.21609048583911381, 0.6092329350978849, 0.11618419675441766, 0.13487660123323947, 0.45454791839734188, -0.29622743650021299, 1.0897779118921238, 0.043703810385848266, 0.2834708695419984, 0.04625319942887867, 0.14239940457122613, -0.42091699915650155, -0.31244372402274745, 0.68116680492442361, -0.22752328972469735, -0.41932831933218456, -0.71358758968004499, -0.41418810385188698, -0.0048890231438391092, -0.087220989139783447, 0.089867871024011711, 0.034750875351279069, -0.53926640017642324, -0.23641709960530033, 0.33651523711260128, 0.11875745107610194, 0.028099294781980033, 0.4205238312198476, 0.77130697616996169]\\ \hline17 & [-0.631 -0.865 -0.619 -0.389  1.281] & [-0.025] & [0.032347469116267263, 0.14538909404433156, -0.11615297007553275, -0.61220015479239387, -0.25949453048843241, -0.16613658448233767, -0.13284449018212868, -0.56516405004661674, 0.10209285371924896, 0.57818950024482496, 0.22077016360945975, 0.068015723313048587, -0.20127564914332993, 0.20160816620559138, 0.012602069086727495, 0.10378031983620489, -0.11755855391723893, 0.55500669339926101, 0.015237660975016065, -0.43501090257871616, 0.51462370578364969, 0.10750059825417575, 0.56686723888150525, 0.016317591902287289, 0.22066717045427753, 0.18524606350694048, -0.28792545919333401, 0.92151867993958103, 0.0045458459979833893, 0.28564795689081962, 0.041221927223536618, 0.072547085060299915, -0.35756320631960931, -0.31199061097170522, 0.58018608233486946, -0.31472429266101692, -0.53357122752683228, -0.6568711634276031, -0.32294414596429583, -0.085337850403125706, -0.074102509412317788, 0.093128502695658297, 0.21279954315587901, -0.38984928235520144, -0.075660316837357314, 0.29906943752669701, 0.19706673073782793, 0.17034906766991537, 0.4939989145974823, 0.74294736579136333]\\ \hline18 & [-0.662 -0.864 -0.609 -0.379  1.269] & [-0.02] & [-0.1773291974407373, 0.15962235291797539, -0.12767806519877725, -0.35776625970578896, -0.20391818399678091, 0.026123505878748406, -0.14693716380751293, -0.34413161199547587, 0.12831305638207768, 0.54853594319913945, 0.1908541441793872, 0.039606653947627204, -0.1387011475282684, 0.33800744004876859, -0.13868577742019778, 0.17940731607036225, -0.046046131232251396, 0.5608522989172201, 0.056945362829458258, -0.27642103965462883, 0.44076348273773236, -0.046904535331145122, 0.57362578701332212, -0.0086980124531813932, 0.21500316008122952, 0.15368643393099041, -0.24842159562009528, 0.71381179175403975, 0.099155929338080123, 0.20118168708935011, 0.094519571204827346, 0.00033126485131102683, -0.20866606609603169, -0.24981872468257194, 0.52774740639201978, -0.23412736712755453, -0.37611928709438963, -0.53397889982283309, -0.16672292675330691, 0.20928846530494938, -0.11640636994845038, -0.037761434996039948, 0.1155919693487017, -0.29803188053287644, 0.13592066213882364, 0.29781933188844523, 0.30978898192012172, 0.21355532908025604, 0.27039026704454722, 0.75913467481820862]\\ \hline19 & [-0.698 -0.869 -0.611 -0.376  1.277] & [-0.015] & [-0.18676379363577345, 0.08872746709008586, -0.095246976587451238, -0.29283567620223211, -0.12633036869616951, 0.0500112146791232, -0.0078756299427120945, -0.22576188517847293, 0.068030058708016233, 0.44237870148043557, 0.15363847462022329, -0.042826377700706943, -0.17207964475337723, 0.21602423667726836, -0.16972647416950215, 0.084061574405944389, 0.036848026204818959, 0.38214063800548431, 0.071261337429594354, -0.21093256263543811, 0.33697457080918369, -0.031371349626740569, 0.37808008374770735, 0.072800536156696211, 0.058770093706421833, 0.11649039225416739, -0.16674646368628579, 0.50866261408195657, 0.085402240034651286, 0.19122720768162643, 0.020739631797396581, 0.075783780340671, -0.154196652207063, -0.2355178287720554, 0.44179034576156334, -0.17869612361804296, -0.26884993858881745, -0.38033140910987867, -0.062898006790735289, 0.15225006237608235, -0.056665181790944548, 0.050877555919075404, 0.17563920015349663, -0.21853363126032738, 0.06320411350362036, 0.1620107624064831, 0.28295213021236337, 0.13443013317913113, 0.2017093178422735, 0.49336993168142218]\\ \hline20 & [-0.766 -0.865 -0.609 -0.373  1.276] & [-0.014] & [-0.15441318879856775, 0.14788095724076686, -0.021742226392507676, -0.25970771365596546, -0.13622416425768014, -0.044944632864754454, -0.027129756786146618, -0.26609178307773151, -0.00019216968141915337, 0.48668362606908561, 0.1515746072433827, -0.029520149924696565, -0.16610819097627258, 0.16663944079881618, -0.1034978797010149, 0.072039310074296856, 0.021293524704906752, 0.32242161598502117, 0.064421698566314162, -0.23266832440813243, 0.32129231695877003, -0.0097076273438963436, 0.3101309188671092, 0.014370560508228674, 0.036846969930820789, 0.1249387758319173, -0.14677359999941522, 0.42139130708606626, -0.0044101218878398359, 0.15018463368601365, 0.044858738325565944, 0.042857749661348206, -0.22326148481665337, -0.24955988920122885, 0.40795263270332244, -0.13715139741563162, -0.25708718772368261, -0.3944347604273184, 0.011108255879337694, 0.1422373328369739, -0.13249386848494468, 0.090515379863031278, 0.15277705284968357, -0.28172575406610961, 0.13587573001366426, 0.17127564438561005, 0.27405633221499071, 0.13126872690433641, 0.27408815608665654, 0.51766849836022366]\\ \hline21 & [-0.783 -0.869 -0.606 -0.371  1.277] & [-0.016] & [-0.20926690882177376, 0.13472485938111994, -0.016276302571914616, -0.35034407007609786, -0.2044994945212395, -0.11480938522151951, -0.046382381728272047, -0.2815178018997504, 0.015973707919876807, 0.589475323987105, 0.16792626230837854, -0.028158636828525541, -0.3110755506722277, 0.12177896438843383, -0.13607230499239173, 0.0092782794073351764, 0.061032304779470303, 0.26460809854650813, 0.17776581220883417, -0.4407883520906376, 0.378440749580785, 0.01391423876212227, 0.35579440990073669, -0.019216862668860423, -0.02199989713360188, 0.085104171732047248, -0.22661084462768297, 0.41571446774230886, 0.041909159090454798, 0.18185606091160128, 0.1083514348579724, 0.066930457052824563, -0.40762653535642951, -0.19548136502949692, 0.51238535985182576, -0.24431561723596137, -0.3285919974173121, -0.51789741509524745, 0.063309283801508506, 0.08832663934059827, -0.12570386331842087, 0.043554467064344217, 0.26867942018160135, -0.3152008962841838, 0.17877402400723533, 0.29408165337976871, 0.3363855880126122, 0.31250540396042226, 0.35986128684365304, 0.59412631169808516]\\ \hline22 & [-0.784 -0.871 -0.605 -0.376  1.285] & [-0.017] & [-0.032194812317742683, 0.10460673495933115, -0.016155451548506495, -0.31971720285472427, -0.18486982452832706, -0.13681671293574862, 0.10974118714880784, -0.24547062153008928, 0.058769681927654568, 0.62427395958468734, 0.1121115798314679, -0.034391884757084955, -0.30898869316499583, 0.13654529827350406, -0.078601062146813103, 0.081595728683502872, -0.0035031994137293275, 0.24699797945726393, 0.30357409285019643, -0.51433534584319995, 0.41866933720950145, 0.10911846056434354, 0.31377331911233514, -0.071081362704159601, 0.015629220659292793, 0.056247684716346245, -0.18164833364714975, 0.39178672657155106, -0.0006264531578019537, 0.19480085372201492, 0.19505218940124627, 0.058456839145561865, -0.24648122877409342, -0.14986283993699051, 0.54350584509066002, -0.20714373102170322, -0.41723208741585988, -0.52401999240923869, 0.12038095201032897, 0.14351932755547225, -0.011969890837591602, 0.046831027296163875, 0.15396675644257318, -0.4303684213374393, 0.096699316770402458, 0.30027571259211544, 0.30319728455140671, 0.26387699105143242, 0.38522937087812453, 0.64904322676860926]\\ \hline23 & [-0.785 -0.877 -0.605 -0.376  1.289] & [-0.017] & [0.080192147250314205, 0.038737242565466852, -0.016256549847137751, -0.29300320934540974, -0.29693250861878212, -0.15602165863895617, 0.036819014519496929, -0.26329971123259893, 0.0068403341783250709, 0.58655059487109429, 0.15180340667574613, -0.016419439716469395, -0.42969816696070012, 0.090997165848610354, -0.023730068718094837, 0.047774628192520693, 0.097516879591144467, 0.28337027042098434, 0.33695949578519707, -0.37878416398122317, 0.48659710649704124, 0.10117509855532632, 0.33528739173984812, -0.0042742837388416322, 0.032018585068025587, 0.029576139550322213, -0.16866866559539428, 0.51307285379739875, 0.022524622720902519, 0.16880820970676777, 0.17240428276719216, 0.053881591360953843, -0.23115093705144296, -0.12093410629211677, 0.59923786800338141, -0.2067205605424863, -0.33468236138073176, -0.5189905798272112, 0.042118164119144395, 0.12794174395409921, 0.068479465560791541, 0.010786854157196666, 0.12001689863848392, -0.36766932939522967, 0.18213617340117136, 0.21812052375420662, 0.2433289727397675, 0.21981701198088632, 0.42125525234096289, 0.52419270702362475]\\ \hline24 & [-0.803 -0.878 -0.605 -0.374  1.29 ] & [-0.018] & [0.11987143139175402, 0.0089863235660976731, -0.080773498008029979, -0.34967179880317506, -0.33285260307007103, -0.26446211548440429, 0.011689189199823636, -0.29507223549746109, -0.024746316035094116, 0.69598920538470788, 0.13693132461593391, -0.04615400720144909, -0.34588287388196792, 0.10289201222506876, 0.06103026318745304, 0.089392023296900228, 0.16815330302133505, 0.34699588678520288, 0.45349828045137541, -0.31984118890932151, 0.53355290480665785, 0.1146659623029696, 0.29018993231724588, 0.030257125260938857, 0.1633884395272712, 0.09416244454758578, -0.14828787096845433, 0.54844778121233662, 0.17090470772675659, 0.17815667758195528, 0.29383318928975116, 0.05500198317298851, -0.24936455357927645, -0.14884059554030624, 0.67951387034182331, -0.28482767372675694, -0.36199419792808046, -0.49456984121030845, 0.11194646182451265, 0.19234171713008774, 0.037593363235623178, 0.10030446653923729, 0.12666334150610542, -0.42903560331244217, 0.20528158885331274, 0.31275522009422202, 0.21183726117382187, 0.19739760927812083, 0.3359183586918757, 0.51883259077361688]\\ \hline25 & [-0.822 -0.883 -0.604 -0.379  1.297] & [-0.018] & [0.027906482562142669, 0.016861300254077529, -0.21406950841132802, -0.34172008918180408, -0.41075217680933868, -0.36911209456228899, 0.069805641598895629, -0.24842641940733357, -0.0035735171140114986, 0.7777365973671243, 0.19478514929574534, 0.071724064653434352, -0.25532271200041268, 0.054476865745194905, 0.10310050569162156, 0.12359192861759559, 0.17606804013438326, 0.5989040547177632, 0.54193077978686965, -0.38917379698853416, 0.54397681980638912, 0.13065112293263545, 0.32366973630497847, -0.0060083552762659077, 0.23046320720573049, 0.12261903343224112, -0.069710323860481316, 0.52758061627525787, 0.20589976640507063, 0.01136835807202022, 0.23162639638759569, 0.030341024181350908, -0.21064466230110021, 0.046716298864799985, 0.67146832795155342, -0.26757232318659063, -0.29022196523381782, -0.52690232607773091, 0.12690437290376691, 0.37088846273157955, 0.066647597686080265, -0.10140921718595639, 0.22211089826859398, -0.50394711845838802, 0.26570712148164893, 0.29876249892407858, 0.19142554692132654, 0.1902221074471567, 0.35224459790740859, 0.49288760750288796]\\ \hline26 & [-0.835 -0.877 -0.605 -0.374  1.289] & [-0.016] & [0.033640724309300617, 0.057570722226705499, -0.073104247124011604, -0.3079770202676988, -0.36522034839177897, -0.41265850223676886, -0.013830607598215425, -0.25370214749531667, -0.047104175577864442, 0.73352332725922331, 0.219785339899249, 0.083665545080970405, -0.18977116060482882, -0.010472159774511393, 0.14690103028665463, 0.132855478334136, 0.052003335334523643, 0.59262368227301465, 0.43541028011825023, -0.35093910697244507, 0.53551065926804309, 0.15615418994808913, 0.34861177424405709, -0.083833832570366196, 0.2200151939720261, 0.21061779400455513, -0.10671428705068137, 0.59446641900405195, 0.32107543142520412, -0.072177480255520871, 0.18351536760414142, -0.0010305707370882405, -0.09689252133906967, -0.014851046472006392, 0.4504563660694898, -0.33323863939673171, -0.18176961863983318, -0.4091791711213203, 0.11841763280097668, 0.26091354662009147, -0.042190553262997178, -0.10053761468332963, 0.21451943309031318, -0.45767216634889119, 0.15073859135035389, 0.27436666569244017, 0.013762460619759477, 0.1169331372503358, 0.36594062800376292, 0.49792336745216381]\\ \hline27 & [-0.836 -0.879 -0.607 -0.377  1.297] & [-0.015] & [0.08269825480710824, 0.039657036697376163, -0.066105813083925102, -0.28297479902637956, -0.37254859167251425, -0.36526449427557339, -0.062192608498699675, -0.22813102147926193, -0.04738821597592386, 0.54803911167990171, 0.30235546347004411, 0.12279291806228626, -0.12587336034554999, -0.074257926450666617, 0.091221998061857656, -0.033206834525515296, -0.014568079221980692, 0.59271968941095354, 0.34008150156648831, -0.40360400817106623, 0.52021451230055982, 0.23466588440679648, 0.38839529787032445, -0.11248308680055509, 0.21644399323890948, 0.22486247722981731, -0.010359570070854645, 0.52443226089353812, 0.2109711031450513, -0.02900630118666149, 0.1722844087809583, 0.019866774551660422, -0.03962659379359805, -0.18719030542517967, 0.44825292431798663, -0.24819733348136874, -0.03724807460437031, -0.37538015113474671, 0.1227145033917358, 0.22352658654525126, 0.05248268461329092, -0.04515095797618203, 0.20086396668796586, -0.465075957788391, 0.061955835029410114, 0.23904906234199447, -0.0046217747961603151, 0.086750920167008194, 0.35740563335819103, 0.36384442032563269]\\ \hline28 & [-0.833 -0.879 -0.608 -0.378  1.298] & [-0.012] & [0.11357353876514427, 0.12655296794775317, -0.029919542355921702, -0.28282194995783788, -0.34597736266640361, -0.36250374773817678, -0.022560048585695637, -0.16332709969480078, -0.0050575453538072501, 0.4856961972226489, 0.16156772075882386, 0.025820685883934939, -0.092683679482007966, -0.081444808494988571, 0.11993519253637983, 0.023368028327393695, -0.047180722275932639, 0.55337305266477987, 0.24607568360272325, -0.37862495329680679, 0.35352085398204564, 0.18382880931115547, 0.31894109413760235, 0.0046721049927697291, 0.22351857035708145, 0.22105738135058811, -0.0071454476346127964, 0.45190817313503034, 0.27193083874783852, -0.066902145556797049, 0.091882528846019634, -0.0085982354426983668, -0.00056209309260926363, -0.22665044002019269, 0.36282296695970101, -0.25523179340962959, -0.055786002198492841, -0.33510839590017588, 0.18536795893846303, 0.18179380955076699, 0.0047358202174601835, -0.042018008506550901, 0.19382062657766025, -0.41238180684640013, -0.0079378807652123375, 0.25790954998902293, 0.032248878704589271, 0.097802928541506878, 0.34056196789284388, 0.29891185206549603]\\ \hline29 & [-0.832 -0.875 -0.605 -0.374  1.289] & [-0.011] & [0.10575807663071224, 0.082814362466254454, 0.011863133494865001, -0.28004307440605358, -0.34140386254503302, -0.32878541292874758, 0.0041506086617886968, -0.1482946981630282, 0.077966876339002997, 0.51011561704591635, 0.18049328144254786, -0.034113691304029997, -0.16372636452868652, -0.017411492978447945, 0.087174205645789468, -0.02143686064535567, -0.034502395363587957, 0.53845167593062282, 0.21421762530095609, -0.31534669275186106, 0.27318927924043263, 0.13908631951420491, 0.26176132898339288, 0.036775145359530304, 0.18933717466636787, 0.19310504502801512, -0.027657723282152109, 0.40691389368231862, 0.3066515341730085, -0.035932581028866366, 0.067511073609582278, -0.023930117942844376, -0.05553974119745303, -0.24465495733228196, 0.36777880318076217, -0.16416600852303811, -0.083264211171459657, -0.29246318688454903, 0.1361880632592494, 0.24977002353694849, 0.032351589109032602, 0.036504060876318925, 0.10565441791503344, -0.42115076935454859, 0.022827187412473603, 0.23679333359441621, 0.080724510804063287, 0.12008604499059496, 0.24453521892744157, 0.33043280276572634]\\ \hline30 & [-0.835 -0.875 -0.603 -0.371  1.285] & [-0.01] & [0.091504530700768749, 0.11689726692208258, 0.026710180012499692, -0.21130372780225204, -0.39278298228570147, -0.2773970652204627, -0.023340783988452962, -0.15797292460841389, 0.085849094509279217, 0.41823217902293774, 0.19373997700605394, -0.034116533886404801, -0.19662201120033357, 0.055257741444233864, 0.067457706696440675, -0.044850267639084514, -0.041891885905085115, 0.54183268967799414, 0.25304870452628742, -0.28733925867554699, 0.29575917531627305, 0.11562892909293634, 0.23255093224024923, 0.060534997526309774, 0.093682156346682893, 0.18704306464638648, 0.035495900361279024, 0.41899112788772125, 0.35957942553666489, -0.00012393752935064352, 0.0075249306969775286, -0.059232636913760101, -0.055582534429148046, -0.23366028058478516, 0.37046854245645527, -0.11294858947636228, -0.0073303250782724783, -0.26094110187634634, 0.12546631235816905, 0.23231804401472658, 0.05103578746374457, -0.01664936507320975, 0.054655008368763441, -0.41593975095264984, -0.033341150658797912, 0.19941689509457006, 0.07598944641855078, 0.09148589100127788, 0.19002386502388691, 0.26891262174514569]\\ \hline31 & [-0.837 -0.874 -0.605 -0.369  1.285] & [-0.009] & [0.088408956559127533, 0.10138676859742102, -0.0052586092965674902, -0.2287849072968004, -0.42643075574645639, -0.25939664621159131, 0.01454434667383314, -0.16586714712450934, 0.021071334053867505, 0.44419972168975497, 0.21783331932402239, -0.019925582156534668, -0.19114813149671844, 0.16437591083389108, 0.075990337249380827, -0.084834649481249372, 0.046746567068269032, 0.53630465326380572, 0.20756556914892207, -0.27932461315483603, 0.30468905996764156, 0.17356278076694107, 0.21267453041719359, -0.0090685367461732676, 0.050309846636974388, 0.18139060415033265, 0.063974406248742066, 0.35406711264531598, 0.28752992376179221, 0.0026125124396810893, 0.074407073891423425, -0.10324585528376015, -0.082688420161865728, -0.23519515320309053, 0.33890149239861594, -0.058095194920834918, 0.048073900592784817, -0.24783822444919168, 0.1751387878488993, 0.22722765168384965, 0.092278610082946314, -0.014164060509215079, 0.070122018560729443, -0.41311584044650212, -0.028098544073918149, 0.18979516474152072, 0.033500792504927067, 0.048172736192703382, 0.18828842950759286, 0.28169732442683143]\\ \hline32 & [-0.827 -0.876 -0.608 -0.373  1.291] & [-0.014] & [0.18243501371303364, 0.15309324782153169, 0.056921151678114575, -0.32778325760978166, -0.70892593300150264, -0.45304640864354112, -0.11002705393853097, -0.20829235979465457, -0.011451826135735954, 0.65227800468738117, 0.33869821443819714, -0.0017711403575840288, -0.30577414562387312, 0.3466176962770956, 0.15751822408627775, -0.095885225591269344, -0.0074580493022164563, 0.78293973231446889, 0.24919646630610773, -0.40070364656021362, 0.46625014222479966, 0.2476953706428725, 0.34424281601547801, 0.047164800812240192, 0.077909199495788325, 0.27389842972459238, 0.17194207998738553, 0.59178576600518895, 0.47496585165896188, -0.027156284589231094, 0.14363121674660292, -0.13750558035585239, -0.065356174155631289, -0.23154871090038437, 0.49469295929326901, -0.17341839342581669, -0.013920544082900168, -0.40298021349721769, 0.25911783536762689, 0.32371771857735676, 0.165254063282533, -0.054904442476411817, 0.088621054785336176, -0.67411255077277399, -0.072428843002106086, 0.33811260716646246, -0.033706756864508872, 0.18827212138826399, 0.29338624121894363, 0.4703050356106141]\\ \hline33 & [-0.825 -0.879 -0.608 -0.373  1.293] & [-0.012] & [0.15459511629499925, 0.15249334946764243, -0.044865968514097541, -0.32532151990686664, -0.57271472786922728, -0.26214148516973329, -0.1053167633527986, -0.135751692927257, -0.060571009870765205, 0.54542676435159976, 0.27671527183855349, 0.019958318806658992, -0.26490082037569995, 0.27961826761430436, 0.19938608905147776, -0.10819029506295604, 0.0077698586965053622, 0.69706010490195902, 0.25744660025264771, -0.33506341136241669, 0.44433256203951071, 0.19935183794354341, 0.26831985417773851, 0.049422368493301144, 0.023695156208206489, 0.26289176683418514, 0.1203076570826575, 0.4840892904173788, 0.4240327544230143, -0.03503245011139388, 0.019542489115455905, -0.083190688692925105, -0.10501602324732402, -0.15292029826161257, 0.41904529633723864, -0.13739037398103621, -0.017055683721600576, -0.36295547250684601, 0.1707993661983557, 0.2590886536827452, 0.12410629948128002, -0.12212936599246955, 0.1694355079218994, -0.59063875747369121, -0.07709004491721079, 0.29980845846235549, -0.035296203321134388, 0.11372295414409535, 0.25056740102488834, 0.36404683397344506]\\ \hline34 & [-0.823 -0.877 -0.605 -0.374  1.29 ] & [-0.011] & [0.15080820923412719, 0.077070862590316772, -0.032131166335521218, -0.304512853196648, -0.53080398783159977, -0.27754704366988031, -0.16321630084218858, -0.081845911199333904, -0.093194298468384534, 0.5018156288479162, 0.27328984774187826, 0.01216566485680705, -0.2528830460957654, 0.26459834985008879, 0.20125919731379513, 0.008908220048045503, -0.0046916327064319158, 0.51711382436750153, 0.21715165233878084, -0.25554694033113179, 0.4118451053098347, 0.18043973148741471, 0.32472878269333355, 0.055843947291757137, -0.040597043409547305, 0.19602689960528602, 0.1163593441401176, 0.39557119065266727, 0.40821316526249596, -0.021936653658239706, 0.090695376024013286, -0.16662791634564453, -0.054497336277006883, -0.17598912285626445, 0.36976734521930943, -0.1884523881544567, 0.012971473239161405, -0.35405033405855152, 0.17184872614203653, 0.16729107830956169, 0.10059751205383261, 0.012964836217748285, 0.18481127764075245, -0.50690334246400381, -0.079499270646472331, 0.25059290371088538, -0.03658609270760315, 0.14341075115407734, 0.25314093802832704, 0.38024731586646732]\\ \hline35 & [-0.817 -0.88  -0.605 -0.376  1.292] & [-0.011] & [0.16519919493984447, 0.043764776251490597, -0.088039737422304476, -0.28447462674663831, -0.5169478432431448, -0.33432472550662662, -0.12138455505784648, -0.084969830267976387, -0.11711823442762291, 0.48877019705501978, 0.26050095563633885, -0.0028814141332346031, -0.18376368753455063, 0.27782849286676681, 0.18594932171422082, -0.025140988801040657, 0.0068862542099839283, 0.48713340947916889, 0.11229533795553077, -0.2673466223464811, 0.31830695508917362, 0.19930526026337925, 0.35907015494834998, 0.078574303149980138, -0.014727512701661831, 0.15932661110338056, 0.13660553370839859, 0.42452232189925643, 0.52707965188373607, 0.028556277207568231, 0.13760289654731761, -0.15151475298485814, -0.062069237442419427, -0.20761071749037646, 0.3339593708728168, -0.1276337440545684, -0.094418575844876285, -0.37710290475725222, 0.19374237447319823, 0.16986850839376127, 0.02979164483383108, 0.012670254162924654, 0.10646065890612956, -0.56828585024630762, -0.058928982663309377, 0.24060176678548537, 0.016700419969348231, 0.14936069994786874, 0.30903756433310958, 0.37934433210744173]\\ \hline36 & [-0.816 -0.877 -0.6   -0.374  1.283] & [-0.009] & [0.1169134211672942, 0.055945692475406907, -0.057616090437574971, -0.26704400672106665, -0.47888670571413494, -0.25601595507682245, -0.18166002036735121, -0.072586945123334148, -0.14474457140994981, 0.38519731956067466, 0.26092532097627913, -0.066481011144353022, -0.1510060899379394, 0.14663061937990113, 0.1734346731428045, 0.010178800612385859, 0.0061680368843159555, 0.36223433620863116, 0.08825398712495032, -0.23850207479078742, 0.29228243895183537, 0.12432286352998545, 0.23850305199050581, 0.073861068285729387, -0.020889902694089305, 0.12273103940726848, 0.033254295870985232, 0.38375851375526487, 0.45255531965538248, 0.022352768179738202, 0.16024092962917105, -0.16802924257653409, -0.024945675405567469, -0.15699944160627796, 0.26525947240529785, -0.081658585221881325, -0.059137109094275241, -0.25155977959803449, 0.13685642716078361, 0.092211381196566439, -0.00072901009385927776, -0.01175627423713009, 0.09176845470830676, -0.44224606194066746, -0.050323929424695928, 0.12180838244266226, 0.060872524275638412, 0.072542344383934712, 0.28217251873806232, 0.29861213926287139]\\ \hline37 & [-0.817 -0.875 -0.601 -0.375  1.283] & [-0.009] & [0.15121062357611165, 0.048634988877713996, -0.096184529221697915, -0.27314235558432615, -0.5028166807645531, -0.23723992024170026, -0.19864709880228101, -0.043655761029493249, -0.16916311701658321, 0.35640239512671268, 0.3105493175194991, -0.05147822031634669, -0.13129922286043419, 0.14719192079794946, 0.13294464448801799, 0.012371260865368269, 0.0010796284274340903, 0.39214891913731748, 0.093264865324611326, -0.28818886889538414, 0.26875879011613207, 0.11209358773467099, 0.26364533310735661, 0.062704461256551075, -0.039243941633059103, 0.15877034794163175, 0.07772422799003742, 0.3478954703388889, 0.52345644208505815, 0.002071527965730402, 0.16010134963992978, -0.19609406077435146, 0.0069931816533196625, -0.17674355433676309, 0.25552738584883739, -0.11203429589415, -0.06502928724319601, -0.21541116229624249, 0.050242673196693316, 0.046488586867743133, -0.035165178647913596, -0.0045870478683548545, 0.087101361194087831, -0.48353019777272505, -0.024303976920153948, 0.11460372047159736, -0.00079429161462910816, 0.0099869134509722908, 0.30827567537214745, 0.28567296232072376]\\ \hline38 & [-0.815 -0.876 -0.601 -0.374  1.284] & [-0.009] & [0.15423651526650303, 0.039983383549693566, -0.1302238029224238, -0.30562736180670014, -0.55140069504704037, -0.21011362211523774, -0.19999523724778287, -0.070836500867197449, -0.18549357875574057, 0.37597820638536511, 0.30741886434711757, -0.041401264851603087, -0.11936540246284096, 0.1202584583570895, 0.10931127547438298, 0.0035788466686707213, 0.030751703574554496, 0.37432119805984665, 0.098325142902378204, -0.33615910111963115, 0.21667580129317274, 0.12375973586681216, 0.29821219633984986, 0.092932835565175662, -0.047738156038176875, 0.15128046271640228, 0.065455329798497483, 0.46623265806427749, 0.54740090319801316, -0.038110828452229135, 0.16330515458457417, -0.22223372694712965, -0.043741056847372749, -0.1363813462053094, 0.25330689828719333, -0.17265690190044819, -0.053650949300454484, -0.23601214442295235, 0.092358985902893986, 0.040109255640672248, -0.038759517540421694, -0.00045659834903650717, 0.087279414449508194, -0.52054588019024806, -0.036945618440831059, 0.11682640116384449, 0.046682610700071556, 0.055336686273309316, 0.30396066345682027, 0.29193099247653664]\\ \hline39 & [-0.813 -0.877 -0.6   -0.374  1.284] & [-0.008] & [0.14177524854074122, 0.018105737414234758, -0.1678976890126789, -0.26602398717937237, -0.4676816160414225, -0.20029444716590677, -0.17421829120868082, -0.10513934735815422, -0.18510744950982563, 0.30030481387715874, 0.27202150048471052, -0.012366478463969009, -0.059704143651893339, 0.11211307725670409, 0.097600774444157087, 0.0061611770299370185, 0.10822319756702385, 0.33689746567728385, 0.087791584655450186, -0.28845220659463211, 0.21831761605879327, 0.13029966419646066, 0.24003321134935066, 0.13651342327051572, -0.06663040378217501, 0.11986771955670164, 0.10063330124477399, 0.40177026290556389, 0.50082833995116149, -0.09308161419211182, 0.12396217166282932, -0.22052073777178774, -0.055489320790691181, -0.094252740000698804, 0.16225145163655391, -0.1753894401052094, -0.093780398625942826, -0.20284851120141531, 0.0706813982599033, 0.023841472670834085, -0.010118122521440759, 0.049413516274635534, 0.065076219922368672, -0.47137171876461698, -0.013119377341403419, 0.13793492561194418, 0.0041934410335343793, 0.098006140856213966, 0.27410124664979263, 0.24967293132640442]\\ \hline40 & [-0.811 -0.876 -0.601 -0.374  1.283] & [-0.008] & [0.20081902926628695, -0.0039032816687600441, -0.14041250519159104, -0.22071180672267943, -0.45427688461871807, -0.17910811945581712, -0.15171300618656303, -0.091654862607041573, -0.18600272116374747, 0.26321180226228963, 0.25945985338511002, 0.0054923568488765969, -0.090697483626075243, 0.11262331385855844, 0.15444746847324953, -0.020161872308722892, 0.067015183163403061, 0.35088912140563933, 0.093274515096388788, -0.22956889452694079, 0.16512155936539116, 0.084740320496625346, 0.22161640113279041, 0.13057268675595723, -0.042553942445297845, 0.12038731374380744, 0.14909941244748245, 0.38047762804016105, 0.45124842471446175, -0.094824004374625917, 0.1151064874680706, -0.22722939530599381, -0.083911056416933472, -0.088929374718776641, 0.23305467717235553, -0.10787722753762068, -0.10363009292327714, -0.20279121438996597, 0.10820448201846417, 0.037731702872460637, 0.0061766166492364539, 0.073315483463907913, 0.10932299976005797, -0.44610054021312506, -0.013946762080813645, 0.12805476804125274, 0.029535175624455821, 0.10103453218511795, 0.26936840091055375, 0.30150221217186773]\\ \hline41 & [-0.811 -0.876 -0.601 -0.373  1.282] & [-0.009] & [0.2389824194341586, 0.010426894609301221, -0.15551934509841514, -0.32088919794280435, -0.53895019038797243, -0.22951064185297532, -0.18784444321650079, -0.10864959595590036, -0.20981615917495197, 0.31417633941623485, 0.30801589377338795, -0.016204269461211208, -0.072761977575999212, 0.1198497292524834, 0.17090695653458807, -0.044429677738063514, 0.048762177070878425, 0.4119280873835881, 0.10313945262518864, -0.2621525053965803, 0.12986842649983446, 0.068360354581349828, 0.25771505534577571, 0.11493382326297848, -0.063559254304206975, 0.17804871754595514, 0.16222360798401228, 0.42420712024696888, 0.47431793924844773, -0.14191938752142352, 0.13384526468453029, -0.28203453339232532, -0.074538053641392085, -0.077231963364944173, 0.24549344560933062, -0.16556960127547943, -0.1185605338650811, -0.23296307067859448, 0.092964906799623687, 0.012281745047686881, -0.014430584523749146, 0.038690742560086491, 0.083598762057943768, -0.48095252323709126, 0.0089667178138484686, 0.1794032168211922, 0.088824755309129741, 0.11112519434500884, 0.2934168810599424, 0.3274009078554338]\\ \hline42 & [-0.807 -0.875 -0.602 -0.376  1.286] & [-0.008] & [0.24893856929985803, 0.029309948760174523, -0.16787320522552171, -0.37649974881844767, -0.50975878364248262, -0.26837312206519942, -0.20314946834856293, -0.14893748851636104, -0.23580315179396716, 0.22086399206896687, 0.34801975071480246, -0.03238939102399982, -0.089119553027352166, 0.19280494458537584, 0.1980597390720045, -0.05650624471903893, 0.056169362215989248, 0.42196792483645568, 0.12582489651928813, -0.24874306961735379, 0.090986250834855759, 0.12100766228723039, 0.27802666804867432, 0.083047657764633007, -0.070292187731597275, 0.14344278279557746, 0.17473149812143335, 0.43647969327609282, 0.41392637373925778, -0.17545375612768169, 0.13186264982809062, -0.29989124772231768, -0.073119383514538921, -0.023850737257049302, 0.26296501121485577, -0.1522185585435295, -0.07937295185812121, -0.25792690585791594, 0.080436618262955367, 0.023297519560822065, -0.038117327405485589, 0.059181073330718426, 0.1120705472074438, -0.44503947599017751, -0.010005564606260058, 0.17189240833377509, 0.076610331422995975, 0.03477270760514229, 0.32670426773399036, 0.33285603420675208]\\ \hline43 & [-0.808 -0.876 -0.603 -0.377  1.287] & [-0.009] & [0.22012810477339323, 0.024040483597279366, -0.17891213068242603, -0.38763718034882982, -0.56152045330085076, -0.30538680531352397, -0.28427424672207818, -0.11575336228884057, -0.29515259099334723, 0.24667823932807142, 0.4017204178193618, -0.028416973213908157, -0.085491762799693657, 0.19468793619507163, 0.25756281849123475, -0.075171468557734406, 0.058446084689088296, 0.39918751586014106, 0.18653481723455431, -0.25064280400717021, 0.094155021832869432, 0.11784419506408864, 0.23231107440709545, 0.15122190996626994, -0.020117139053278738, 0.15287522428904915, 0.1624514819909354, 0.43928299579460334, 0.38571177844513493, -0.16724562854334291, 0.16012039266891198, -0.30043798266994681, -0.14709806663061942, -0.034074515318141492, 0.25347693560450418, -0.18165334889348086, -0.079253681412962976, -0.24319977760133735, 0.083721615113099751, 0.057769922924252301, -0.032859595383853892, 0.024557014852764507, 0.074374796292602102, -0.48371732984848753, 0.003505485983159513, 0.22957509829754846, 0.073926277018265402, 0.056236064557058034, 0.33114556192318251, 0.40527136672520586]\\ \hline44 & [-0.805 -0.875 -0.606 -0.376  1.289] & [-0.009] & [0.23579955830159741, 0.063853266725646673, -0.19327080267714791, -0.44968461757923728, -0.61077584519136596, -0.26677883828533572, -0.27468814505762168, -0.096589330156886283, -0.32735481708851077, 0.24371142625649422, 0.41017779130383214, -0.030000676066212539, -0.14085001130419902, 0.17597591673981663, 0.24493036334861501, -0.062320117359381762, 0.048800854916444175, 0.38151369678028541, 0.28210043115659122, -0.33143592369859171, 0.12457686149540695, 0.13017291070619177, 0.3012338836506499, 0.14388010835350834, 0.0069705281204040567, 0.15789537095754713, 0.2342147136333616, 0.47453200705927157, 0.38978551225950636, -0.1621815333913563, 0.18414288423752059, -0.26723583553773084, -0.17281396432759608, -0.063714830848562123, 0.31766037351147647, -0.20881670723726792, -0.069606433739158993, -0.31093396588047095, 0.10066418529468737, 0.069710644882344727, -0.025985553007078617, 0.071194003037991838, 0.094857745835238511, -0.49199603896502386, 0.025147274077326646, 0.25721856475059524, 0.14476745890529497, 0.035789565403867477, 0.38050130678331373, 0.34963387969537268]\\ \hline45 & [-0.795 -0.873 -0.605 -0.38   1.29 ] & [-0.01] & [0.22839510639717392, 0.069605722855186944, -0.16016108407170115, -0.4816927062650696, -0.63013845027464854, -0.26117954462846643, -0.28218916217477064, -0.063506688570441616, -0.35150400501877643, 0.25139421474332452, 0.40141127137018895, -0.01693213859819356, -0.22384847063364904, 0.18333962602195872, 0.31332188760685398, -0.12790681416710639, 0.031785236754354032, 0.41205563952735769, 0.28243514104663492, -0.33309844555598933, 0.19656441066716981, 0.18449783912968942, 0.32103045382111856, 0.12429604569363024, -0.032019148183010361, 0.21021871751661894, 0.25028239837952321, 0.5204341909375747, 0.37671080913953164, -0.20495045658107219, 0.14824165005362383, -0.21870179848169746, -0.2023495464862802, -0.023766905580269462, 0.37092726652671892, -0.25260792068506333, -0.074746025049814813, -0.32394499246357167, 0.080744742065636921, 0.051815990552036825, 0.046167013903906193, 0.06143361370983811, 0.071896485945357608, -0.50110321209290454, 0.019797904477149592, 0.22746235723770591, 0.14275407690966674, -0.024291793093475886, 0.4306659157536693, 0.34531404707083707]\\ \hline46 & [-0.784 -0.873 -0.603 -0.381  1.286] & [-0.008] & [0.17131401589602183, 0.062241637594242831, -0.1329489350939777, -0.32284422902786092, -0.51213303559616463, -0.2026266091905112, -0.2039368046208318, -0.079022316616710317, -0.24051532967924827, 0.21534444766372229, 0.29896958046430588, -0.04802910076251353, -0.14073630587335575, 0.14088641496959939, 0.24887785260270048, 0.0066436963502711109, -0.018309994490278599, 0.27754373805518667, 0.25669383854654559, -0.25381486183671637, 0.11855723959523036, 0.15863926778569792, 0.24800028950741398, 0.063200147768928849, -0.035611317959586358, 0.16253661575645034, 0.18493852583443382, 0.34572488528250889, 0.31992806079924951, -0.18944005953085979, 0.098139789275996314, -0.17805567488111201, -0.17775139070002496, -0.018308431845574166, 0.25719252978301954, -0.21174712770266116, -0.096109809398855925, -0.26299923632882677, 0.095566157073777691, 0.020263303857421765, 0.050254856699260587, 0.046119238856428588, 0.08291205162504095, -0.4174652304904124, 0.10301155905641637, 0.13737193326858327, 0.096429319428404214, 0.022179088947148439, 0.33819124809202289, 0.23185105000713677]\\ \hline47 & [-0.792 -0.872 -0.604 -0.377  1.284] & [-0.008] & [0.21351674482807834, 0.12102221436430308, -0.13468880317218959, -0.37532670995901168, -0.53346883073137163, -0.2226916902533887, -0.22930525455473089, -0.10810298446928619, -0.29777909818559994, 0.21343728488645941, 0.38364959981176439, -0.049479366415457457, -0.18287833375988607, 0.17509589925619212, 0.32561451950401332, -0.0071719885861386105, -0.053246263884088603, 0.34589220942125204, 0.30857579433823695, -0.31279425220513318, 0.15528893326515528, 0.20278041320600765, 0.23666954200672027, 0.13677433986066623, 0.021907829517250638, 0.27588442265135599, 0.19508030460793774, 0.41705131118038707, 0.35658660988914226, -0.16168492302859166, 0.1194084958925514, -0.19470559374601268, -0.22823114324459493, -0.050974623885352191, 0.23119774022107631, -0.25802313580445879, -0.074285504090323112, -0.26996234750725007, 0.12060296404028044, 0.040508005344695855, 0.022751554993203651, -0.0085361888319342681, 0.076589977391725572, -0.46836345807127666, 0.12101411386509922, 0.16447301045954474, 0.080438992721470079, 0.0097307602459832977, 0.3872854630758063, 0.23413218526014057]\\ \hline48 & [-0.795 -0.873 -0.602 -0.375  1.282] & [-0.008] & [0.15445722929368189, 0.079874190904166947, -0.11546411706561845, -0.33028420433965261, -0.4754126933938525, -0.22511743815720123, -0.28201406932182643, -0.092079990622685695, -0.29457756578592975, 0.18635692896910436, 0.36105366087022445, -0.083569002055089533, -0.19298189212137049, 0.16072892817917789, 0.25197975254921767, -0.047591330984631697, -0.034489755110807457, 0.28322123918548986, 0.2685479087195452, -0.24774905561505953, 0.14723700273461962, 0.20642006372928562, 0.28024625371955519, 0.082053635140948475, -0.012403203846503784, 0.20126779887945803, 0.14540039898048282, 0.40562618342723045, 0.30198606402167527, -0.14391521066662646, 0.14296939035643716, -0.12797303257070916, -0.17553730050651256, -0.057179040865403659, 0.17978576798220572, -0.2730137856155363, -0.0903896459828986, -0.27066075599935396, 0.10575559412390086, 0.036851572666687114, 0.060734101425724579, 0.034315225508472748, 0.06064196929155833, -0.45039541816589163, 0.044216474502587297, 0.15934911776032826, 0.066160562139104429, 0.0025313170847989664, 0.36106082344021712, 0.19481236845082514]\\ \hline49 & [-0.797 -0.874 -0.602 -0.375  1.282] & [-0.008] & [0.19352083620883326, 0.10209467483568728, -0.053687899767906874, -0.27599219649692514, -0.47111941106861804, -0.22094664146053908, -0.31728958250280037, -0.090667302381891079, -0.27082203963043017, 0.22018970646144198, 0.40986841513925676, -0.036566507752822504, -0.26764460042167959, 0.17893485278169394, 0.2410055935903381, -0.046731219287205632, -0.033356849588321788, 0.27754922710972735, 0.25996983429315518, -0.21828650094738325, 0.12916073802434361, 0.24581125536764628, 0.25117484128913348, 0.094026050905819392, -0.01142879863711454, 0.2504079934714814, 0.15947687108918854, 0.37298630916986009, 0.30893326211224414, -0.10558570987801952, 0.16723571282689501, -0.13469873499269563, -0.2227326962163278, -0.06872857505520133, 0.21270834834629213, -0.25683799817151282, -0.096115656115438888, -0.27809847502142532, 0.081588665520118356, 0.035329119241421722, 0.11798373355256829, 0.049128049219571181, -0.0035566182624867191, -0.39699257143139721, 0.037064150031066091, 0.11128253483835489, 0.074560533402992429, 0.012478789383712451, 0.37744247426709465, 0.20779926715429109]\\ \hline
    \end{tabular}
    \end{center}
    