
    \begin{center}
    \begin{tabular}{c|c}
    parameter & value \\
     Starting value of $\beta $  & [0, 0, 0, 0, 0] \\
     \hline
     Starting value of $\eta$ & 0.05 \\ 
     \hline
     Real values of $\beta$ & [-1, -1.2, -0.65, -0.25, 1.55] \\
     \hline
     Real value of $\eta$ & 0.12  \\
     \hline
     $n$ & 100  \\
     \hline
     $X$ & $\mathcal{U}([5, 5, 5, -5], [10, 10, 10, 10])$  \\
     \hline
     Censure & $\exp(30)$  \\
     \hline
     Optimization method & (full like)  \\
     \hline
     Seed &$1234567$  \\
     \hline
     Constante &$Yes$  \\
     \hline
\end{tabular} \begin{tabular}{c|c|c|c}
    Iteration & beta & eta & Frailty mean\\ 
    \hline
    0 & [-0.399 -1.267 -0.569 -0.359  1.583] & [ 0.05] & [0.64561133728652087, 0.077773740202832481, 0.20668012119379864, -0.49321980822857286, 0.89150919378834526, 0.46929028614435236, 1.0710552708324261, 1.3436470119765112, -0.58311930499286269, 0.012488018295353426, -0.90255059806428906, 0.75182201316477015, 0.47461222304878142, 0.3668711096182582, 0.20193598884400782, -0.32873099533087019, -0.37614524375062625, 0.46252671060832279, 0.87633038217270187, -0.4700525945599901, 1.340448666536552, -0.17485677185876775, 0.30042231678723075, -0.14190927072019907, 0.34558229131000567, -0.060658866090411566, 0.38763109213938096, 0.094214686206933851, -0.24965725351064116, 0.30670788679205102, -0.73300430992721655, -0.029930700824908875, -0.055224503729949879, -0.21667884850475227, -0.2659968151055711, -0.55691358051957884, -0.14994592439921006, -0.3383970811053772, -1.3522628424633483, -0.068054432503327794, -0.41623792465722209, -0.10087981393410642, -2.3933670388443447, -0.015835718261858839, -0.11633468075962351, -0.017579911428879196, -0.012932373826285513, -0.079602987517901361, -0.066875280939926951, 0.0]\\ \hline1 & [-0.501 -1.404 -0.631 -0.339  1.705] & [ 0.06] & [0.49060820531672494, 0.26154878789305847, 0.52944415243924259, -0.58393638776762391, 1.1581536920570317, 0.8802420472271193, 0.70425382978283735, 0.66393029707024287, -0.66907812014747747, 0.079593606005639223, -1.4932178150628228, 0.7943933873391702, 1.0901293058665007, 0.59182164830134787, 0.49106733037667605, -0.58299018602312913, 0.011774381759142675, 0.5683759382718726, 1.6866532278717858, -0.6497981547651589, 2.2073607406900511, -0.17528402469625581, 0.67278674711310171, -0.26236924168516895, 0.76241496569960643, -0.11190798798179502, 0.8855824309875181, 0.25801967977198481, -0.48723336918350213, 0.72465375695002887, -1.2913384858249672, -0.056978783890968394, -0.10617471797393681, -0.23245904808956597, -0.50292500170758903, -1.0931294593990621, -0.28877413571165927, -0.65469884541083667, -1.9778491657907125, -0.13638757697835732, -0.78589679203232388, -0.21000145388069832, -3.1286275426430294, -0.029837139532282314, -0.2082087281823243, -0.033750564681512947, -0.023821911241386537, -0.15222127351226183, -0.13504936758143843, 0.0]\\ \hline2 & [-0.555 -1.486 -0.647 -0.336  1.77 ] & [ 0.065] & [0.58145809885794963, 0.33642316992401988, 1.0680656957432517, -0.39637947126111095, 1.0902045427987646, 0.90339646720374878, 0.97760001270972186, 1.1361290167763336, -0.42454277680276725, 0.075839202858050514, -2.1996294493309869, 0.78807990696690233, 2.3003813129062149, 0.52938562680545254, 0.91671810927073072, -0.96581644828408209, -0.11309988007188601, 0.39066557652716033, 1.6025997734246029, -0.65366199179196871, 1.8440248154955903, -0.054282694519278328, 1.1831508855192368, -0.46329882531310357, 1.4026545530897709, -0.19975254048531016, 1.7392109205166248, 0.49039863492295277, -0.89245727861290503, 1.4291313448823439, -2.0074392506573537, -0.10640900693006795, -0.19975394368075328, -0.12873555086189659, -0.88465081690639957, -1.8595008386707703, -0.53404026489044421, -1.1661946099099239, -2.6176436608248079, -0.26732871855834267, -1.3463525250704886, -0.42878464584804421, -3.7234047176120413, -0.05545364002834352, -0.26201405468523181, -0.064789158499808638, -0.043086975569444963, -0.28951107788656055, -0.268475794043047, 0.0]\\ \hline3 & [-0.641 -1.516 -0.686 -0.325  1.812] & [ 0.067] & [0.5343427868813414, 0.37980768518462021, 1.1015060094355011, -0.37786826191883699, 1.1723110633275464, 0.98609532363353103, 1.1723960338349437, 1.1897398617720207, -0.41091824258865528, 0.13277758401487874, -2.3661971866793503, 0.86061000229875528, 2.3775119639674411, 0.62607936097557448, 0.9495139763162419, -1.060615663301899, 0.049110764916194906, 0.46907351376574424, 1.7270178132535425, -0.62876593883071907, 1.9689012011341687, -0.009632091273185879, 1.2076733311942758, -0.51872990478923131, 1.3707740717345764, -0.22562668006720624, 1.7586490402123318, 0.52199518496051267, -0.99441873550547721, 1.4581419697622229, -2.174272215081837, -0.12134862365731502, -0.22743356180158442, -0.06980590474460667, -0.98286989028056582, -2.0308888414839363, -0.60076724711216622, -1.2893268359959591, -2.780064772377262, -0.30632435519153073, -1.4794399622652648, -0.49028839809637642, -3.9033292821712502, -0.063099105259826926, -0.24640578451313894, -0.074009392722245701, -0.048782122660815622, -0.32724188400577475, -0.30787501654424931, 0.0]\\ \hline4 & [-0.836 -1.514 -0.686 -0.31   1.813] & [ 0.069] & [0.63770789577806808, 0.45428544989477426, 1.1582623181558462, -0.29766123994785243, 1.2303453515289358, 1.0787816631927913, 1.179746318793957, 1.2541665392576704, -0.32253347005496641, 0.26894733261414355, -2.5850641125850813, 0.95208361202667113, 2.4631369506083725, 0.70168617248534992, 1.0075020858606807, -1.1936938088574123, 0.1364508686439932, 0.56204163151526554, 1.7739417480700135, -0.51626962750208782, 1.9967228793807112, 0.10024509762848963, 1.2651602295689015, -0.60185980241850745, 1.3626669275334093, -0.26502284625024564, 1.7943650535952211, 0.58492562254766112, -1.1388379746621244, 1.507940160885596, -2.3977962774292934, -0.14519485971165455, -0.27036611583007092, 0.048327088797766996, -1.1242201959884277, -2.2634677287580676, -0.69948817183653045, -1.4597769365446822, -2.9841377894079208, -0.36709873725967301, -1.6657441063801151, -0.58612300068926959, -4.1144808347224409, -0.075194906213695317, -0.15835132637483473, -0.088713670511998161, -0.057892028176782358, -0.38403575167197401, -0.36871320375187011, 0.0]\\ \hline5 & [-0.936 -1.504 -0.688 -0.306  1.809] & [ 0.07] & [0.65338080113803321, 0.50617511315753605, 1.1918122151963617, -0.22013152897942967, 1.2611551360092519, 1.1022259148746891, 1.3461302784542568, 1.3222564525163376, -0.24359900006254989, 0.31806428466430092, -2.7154300372202438, 0.98194894439046632, 2.4692774400186575, 0.75173622626532322, 1.0506717013007179, -1.2842902543684342, 0.22583386620405649, 0.61475864047030815, 1.8204336242763774, -0.41257631509161991, 2.0485989410426235, 0.18468334087505431, 1.3074335228473146, -0.66397410370881449, 1.3751552329850996, -0.29597063009588398, 1.8103281240074363, 0.63925730238395118, -1.2381945951707238, 1.5305652707742319, -2.5344148522202095, -0.16450800081461034, -0.3041395481121188, 0.13838708359595361, -1.222729693762842, -2.4070842093416327, -0.77189656085202107, -1.5727929748302134, -3.0986684125525494, -0.41451202778651941, -1.7876152697746344, -0.6581218466053228, -4.2177455915397211, -0.084986514458780915, -0.07322468697896746, -0.10059137954316005, -0.065301621951108141, -0.42706252261984345, -0.41585963769119372, 0.0]\\ \hline6 & [-1.037 -1.501 -0.69  -0.297  1.806] & [ 0.072] & [0.73105796550927071, 0.54703919494649145, 1.2515288353824718, -0.18649225313309215, 1.342381845111241, 1.184819536192115, 1.2256937244727018, 1.3563867926910054, -0.20545600619115445, 0.38568602133743279, -2.8542229118395039, 1.0801956218166806, 2.5650033825571636, 0.80163162756327178, 1.1074948604084804, -1.368980802123565, 0.24598297941936839, 0.66613246332807596, 1.8927979779742869, -0.36813295731228102, 2.1216671010403605, 0.23611776491001762, 1.3757057925973812, -0.71889577116926995, 1.4326175403616721, -0.32298445668534953, 1.8824396096388556, 0.68897597051379733, -1.3270654398010329, 1.5985930789014573, -2.6729028609793151, -0.18134716120031927, -0.33344160156016278, 0.18830950987763181, -1.3114466989082643, -2.5468249753150283, -0.83517920565529646, -1.6764527641396161, -3.2357291002022048, -0.45511999321677782, -1.9020016972026881, -0.71972025414601948, -4.3717101377270211, -0.09358789086799188, -0.029067728836841191, -0.11092923289684296, -0.071871714176080168, -0.46441923105169752, -0.45614069272639696, 0.0]\\ \hline7 & [-1.08  -1.498 -0.689 -0.302  1.807] & [ 0.073] & [0.7522719100585723, 0.58045856325545997, 1.2832965351915249, -0.15684893298600355, 1.3474496920304009, 1.2020781225798571, 1.4088645823594248, 1.3997669275621567, -0.17779223886775533, 0.40602479196818059, -2.9405016841922076, 1.0686500971487922, 2.5974555316682726, 0.8322724807016717, 1.1408831668500454, -1.4230538718302495, 0.2871798276863291, 0.69854252032697217, 1.9189408556273562, -0.33937575649381924, 2.1314817044307506, 0.26646397107469283, 1.4090606395304908, -0.75446999340838206, 1.4653439440293075, -0.34092893745036762, 1.9171242528777073, 0.72034836173310135, -1.3832826848106532, 1.630446181531402, -2.7587899013062329, -0.19248538344512892, -0.35264749784070148, 0.21886071758380127, -1.3675235400274719, -2.6328556164106014, -0.87587587739775596, -1.7416775628472969, -3.3223128708496619, -0.48145439650099475, -1.9732321557031773, -0.75880812135293718, -4.469919428841413, -0.099298209509036173, 0.0021169268345120965, -0.11781046691805723, -0.076250171920942938, -0.48898161886230684, -0.48228879987483592, 0.0]\\ \hline8 & [-1.122 -1.502 -0.694 -0.298  1.811] & [ 0.074] & [0.78260044923753413, 0.63186608630477881, 1.3357403227721258, -0.10016566438616047, 1.4075616310462833, 1.2553168599569597, 1.3073725073492304, 1.4324536809690684, -0.12000724972472568, 0.46224415136856056, -3.0562616949465409, 1.1489674579649876, 2.6394132274802726, 0.8805287458649157, 1.193839353783104, -1.4991801043687294, 0.3459232710715171, 0.73439970306282609, 1.9604868042544892, -0.27954051340406366, 2.1834825654386574, 0.32678138742561219, 1.4612922432939046, -0.80684413166209512, 1.5038592943026727, -0.36792295303427458, 1.9618647797189652, 0.77373052614922566, -1.4637561360222986, 1.680259190279265, -2.8755352987990257, -0.20962968118632097, -0.38185305658809726, 0.28192374181098995, -1.4480214054712366, -2.7512123366921308, -0.93562521022759337, -1.8334910407495355, -3.434724757794573, -0.52153550200068832, -2.0730318895345108, -0.8175929198914581, -4.5918202423609955, -0.10808903552509991, 0.054735392587443962, -0.12839532656336863, -0.082975145562352137, -0.52543381794561939, -0.52198883153522102, 0.0]\\ \hline9 & [-1.146 -1.497 -0.692 -0.299  1.806] & [ 0.076] & [0.81491960451282319, 0.65095709119692158, 1.3631692137821532, -0.079830262079847086, 1.4233909467359027, 1.2763798719660699, 1.4124506163748622, 1.4647139883291498, -0.1003653106908175, 0.47960198057195469, -3.1372108775304501, 1.1539473559174744, 2.6758030143087939, 0.90370019727137829, 1.2213185603795556, -1.5494747362315886, 0.35336313348107534, 0.76378845111116922, 1.9942599771370304, -0.25845285685478175, 2.2110361488412229, 0.34981441305618444, 1.4909407520023223, -0.84017990410517518, 1.5345934088784883, -0.38506560480261259, 1.9938351552398981, 0.79983488388647694, -1.5156927283306325, 1.7096288525410459, -2.9553232773465901, -0.22039804857917517, -0.40021700741648547, 0.30485811369790988, -1.4998561647841246, -2.8305756406034996, -0.97352790497635433, -1.8936139921782229, -3.5174339110960227, -0.54645046368264061, -2.1386976337173693, -0.85395849881161534, -4.6884314451625038, -0.11366360822565993, 0.078261303134488966, -0.13506822601454915, -0.087251387651727658, -0.54861184239609673, -0.54671903116928766, 0.0]\\ \hline10 & [-1.17  -1.502 -0.694 -0.298  1.809] & [ 0.076] & [0.85295276040229651, 0.71336924912394462, 1.404992777031719, 0.02216117366044508, 1.4464017435627425, 1.3125850824570202, 1.4671271750814781, 1.4854043814785276, 0.0038794096250806065, 0.54487623627088178, -3.2716987365079184, 1.1861911387220199, 2.6570693915410111, 0.95369071278122763, 1.26769650299804, -1.6577054376345768, 0.42527660882209584, 0.81106671390774698, 1.9945995360359672, -0.14721008739841995, 2.1962516952250577, 0.43639256546753352, 1.5256363339840484, -0.92421106942807352, 1.5609076552718055, -0.43167442129642486, 2.002438537797206, 0.86598679686512481, -1.6331121267955173, 1.7356278673988346, -3.0960503307129459, -0.25128691627126698, -0.45111427745496285, 0.39607020802481763, -1.6176625058131062, -2.9774099906038214, -1.0679135762137422, -2.0205072390409349, -3.6358776500617198, -0.61513485760497799, -2.2727247375442343, -0.95008478107617655, -4.7927922987147076, -0.12973798438740614, 0.16944417756001434, -0.15434771742278347, -0.099570153926257024, -0.60963785331762421, -0.61464423479407815, 0.0]\\ \hline11 & [-1.203 -1.494 -0.693 -0.293  1.798] & [ 0.077] & [0.87907420427941885, 0.70788073511736749, 1.4151675217031863, 0.016065012653481377, 1.4815146282787981, 1.3337683977167287, 1.4790201296597791, 1.5490230277181498, 0.00043599803536185363, 0.5601585498262539, -3.3244939335432, 1.2330211781530331, 2.699672974189844, 0.96609980913742055, 1.277303594255252, -1.6986128731467014, 0.42156436420612903, 0.83673564873702699, 2.0523400552102506, -0.13981560030462914, 2.2845696048489872, 0.44342427172985316, 1.5461465139794546, -0.95596428413607759, 1.5784280440300134, -0.44958292482120182, 2.024116714403362, 0.87497055303366078, -1.6767577455791047, 1.752342140860345, -3.1500202561833572, -0.26338715127742918, -0.47076012236647324, 0.40173656688172082, -1.6616484823663886, -3.0328788716168154, -1.1031686550628552, -2.067703569629419, -3.6843555090668301, -0.64117406673366584, -2.3230351990297895, -0.98593344780659931, -4.8394448682708928, -0.13615084617889253, 0.17852998784894636, -0.1619277159267517, -0.10449349300415063, -0.63271337202301814, -0.64036345776646642, 0.0]\\ \hline12 & [-1.277 -1.496 -0.692 -0.294  1.805] & [ 0.078] & [0.91658933320169067, 0.75562338093929104, 1.4505332912765616, 0.039627392583147576, 1.5180642705406413, 1.3747390433771598, 1.540459058246284, 1.5249984681464326, 0.023174287436727399, 0.59400185023945939, -3.3990534231531488, 1.2405998622680219, 2.7473284691845459, 1.0023988575148033, 1.3122183279010857, -1.7510784928681156, 0.48467325046013598, 0.86906621556652475, 2.072111072698319, -0.12239217241567639, 2.2682127706412643, 0.46790771328116865, 1.582256230833313, -0.99446064465971007, 1.6174548339112802, -0.47093729372968873, 2.0699838063337044, 0.90126166682318254, -1.7314669074855749, 1.7914250716383215, -3.2248303086431211, -0.27754921536113075, -0.49379765631190037, 0.42281695293670152, -1.7166237450565034, -3.1082220192983883, -1.1460335874011478, -2.1286437356565195, -3.7574660794377976, -0.67174323653712842, -2.3886209858459302, -1.0284751427062708, -4.91841084402986, -0.14361051128523783, 0.20330743735017512, -0.17084481006319599, -0.11026747204362286, -0.66059314467639207, -0.67059523598483683, 0.0]\\ \hline13 & [-1.318 -1.494 -0.691 -0.292  1.802] & [ 0.078] & [0.92524735605976738, 0.76482513582684775, 1.4689001447411585, 0.057955466057190354, 1.528167359690056, 1.3892154060995758, 1.5224337106880403, 1.6073858395267002, 0.04318710206305016, 0.61809543807235401, -3.4499963890231147, 1.2816110555016613, 2.7713760316744396, 1.0170020132533253, 1.3303362843480635, -1.7864117154534356, 0.48111808706557835, 0.88959531595209251, 2.0909662971685381, -0.10042235068456971, 2.323568678555608, 0.4883439491669273, 1.6026281418734403, -1.0203062211971483, 1.6371558554669068, -0.48530645731830824, 2.0902156850506812, 0.91937399017519472, -1.7681242936663677, 1.8109659952497446, -3.2756529501377418, -0.28715407098095164, -0.50932979195225647, 0.4418758714174057, -1.75350448267682, -3.159214794246294, -1.1747253833803544, -2.1695619812071332, -3.8079448469282982, -0.6922670747490598, -2.4328358487724278, -1.0569986135166589, -4.9740222036425568, -0.14869815833678235, 0.22502389926441232, -0.17690392883990216, -0.11421160722937121, -0.67932319414767139, -0.69087861362165082, 0.0]\\ \hline14 & [-1.363 -1.493 -0.692 -0.293  1.806] & [ 0.079] & [0.95851938578160045, 0.79015883281922639, 1.4931601299008304, 0.079446239326512597, 1.5578716078822079, 1.4139795083410536, 1.5876694190803864, 1.5715204500616975, 0.063236212897787761, 0.63969193603034757, -3.5067050978194225, 1.2899410489038956, 2.7962746463137922, 1.0416440933220521, 1.3561757775087078, -1.8247909286797894, 0.52121949046835514, 0.91243684168623029, 2.1215124179927725, -0.079642759535199462, 2.328950033532255, 0.5119952901824405, 1.628823925110086, -1.0479982769035174, 1.6585246336534423, -0.50071419946329598, 2.1169418988243316, 0.94189798795207968, -1.80765080343371, 1.8353248373932347, -3.332010870639369, -0.29735640125978408, -0.52581401420588236, 0.46578062264735964, -1.7932917919030278, -3.2153769065203592, -1.205449770689248, -2.2140743818733033, -3.8651189368851244, -0.71402817374351579, -2.4809903504543156, -1.0871503174977188, -5.0386307344939478, -0.15408191814326053, 0.2472154607912449, -0.18333476230849052, -0.11839629056578338, -0.69932017106805344, -0.71237030649130995, 0.0]\\ \hline15 & [-1.419 -1.491 -0.688 -0.29   1.803] & [ 0.08] & [0.97315222470965423, 0.80594799700754383, 1.5080749065848216, 0.10119017237612314, 1.5732687006605397, 1.4316652842648061, 1.5626395430519042, 1.6452707795133603, 0.086847364524364215, 0.66818953891992561, -3.5534953255196982, 1.3209318870020805, 2.8136754914883313, 1.0567358286332482, 1.3716796229809309, -1.857662538510481, 0.53719552995172848, 0.93852344303778812, 2.1262799544845015, -0.054273516581727632, 2.3562768628849757, 0.53273500129384666, 1.6455430902139467, -1.0723305929837736, 1.6775102276522234, -0.51444890738050275, 2.1340270061595805, 0.9578244477226503, -1.8414469708363657, 1.8506422800618085, -3.3787242477022046, -0.30661289912834888, -0.54054969120931973, 0.48350629902956244, -1.8274189322676262, -3.2620734199180519, -1.2322459939799788, -2.2517459619240001, -3.9118302827907248, -0.73336845889174074, -2.5216985748025533, -1.1137798478709033, -5.0903050386070134, -0.15898730717962459, 0.27327437810340799, -0.18920667931677043, -0.1222371244727081, -0.71711303336849486, -0.73143976487815443, 0.0]\\ \hline16 & [-1.451 -1.492 -0.689 -0.292  1.807] & [ 0.08] & [1.0043261291456893, 0.84338761316685862, 1.5362952698233048, 0.16070935770750278, 1.5979009931331016, 1.4579469669864649, 1.6157209431627546, 1.6112442411731516, 0.14419395757120559, 0.69318275800563367, -3.6284569327286653, 1.324597845145377, 2.8110833277371623, 1.0885387304032677, 1.4053888218505148, -1.9248431706992339, 0.56509299402113988, 0.96430446641672052, 2.1528440767455108, 0.0024221859839955056, 2.3642225041412268, 0.58015925417801739, 1.671165547225792, -1.1290599554995107, 1.702021844964688, -0.54895434355934458, 2.1546646559140767, 0.99324440060422448, -1.9118178964501567, 1.8713919771195395, -3.457408870269413, -0.33072128600942613, -0.57748120539754988, 0.52945784349445135, -1.8991388281221762, -3.3430287412583106, -1.2934252918512328, -2.3258015955465492, -3.9792578824806286, -0.78114562577517843, -2.5993720321910274, -1.1765870382470849, -5.1485336940593243, -0.17185717584080315, 0.32864008909467285, -0.20468668999127695, -0.13238838690471394, -0.76039422163545534, -0.77839264274057052, 0.0]\\ \hline17 & [-1.506 -1.49  -0.688 -0.289  1.806] & [ 0.08] & [1.0068329774679621, 0.82695038919915087, 1.5528673642571862, 0.15607204470038327, 1.6123898990065779, 1.4826364439264736, 1.6147388279996266, 1.601936667160107, 0.15136332974487718, 0.7582416697041694, -3.7527467048693253, 1.3961031264579469, 2.8795138254867481, 1.0880296593245167, 1.4176838842670381, -2.0510705075925526, 0.60164693902282018, 1.0032215806294416, 2.1519308295017177, 0.026760404825514793, 2.4102325882639986, 0.60168229552946084, 1.7037737751757818, -1.2425549751623055, 1.7197384479616069, -0.62081928043120982, 2.1831023544463903, 1.00565623443804, -2.0442147404130733, 1.8986279167621343, -3.5913664869933641, -0.38236715364240886, -0.65441642228103736, 0.54698489220203028, -2.0351929125017323, -3.4826224908065311, -1.4139614550307105, -2.4614197753589919, -4.0840615584243478, -0.87931416375488547, -2.7403243931269401, -1.3025155954514291, -5.2211582415350417, -0.19969943581781766, 0.34670724938836417, -0.2381600898373005, -0.15455397213211389, -0.84882388103813755, -0.87454470935290252, 0.0]\\ \hline18 & [-1.524 -1.49  -0.686 -0.285  1.801] & [ 0.08] & [1.0269568791227062, 0.85283176594708898, 1.5630428921630422, 0.16491383349798347, 1.6309925191784811, 1.4916952507958254, 1.6535591344947489, 1.6868962072340383, 0.15927137291051349, 0.74393759080701483, -3.7834918464116529, 1.3754016289849036, 2.8874079755701416, 1.1071027627143462, 1.4271144413261532, -2.0717306100461879, 0.60156110665080331, 1.0019916940154288, 2.1738544543438558, 0.03063709634444544, 2.4090251555076532, 0.60701507702156599, 1.7110673907811229, -1.2576456838413133, 1.7325768059591578, -0.62954151543584658, 2.1936934809826156, 1.0143957732331366, -2.065211697688385, 1.9088121923778771, -3.6216628603017358, -0.38838445445113701, -0.66375079565034034, 0.55197665787888184, -2.0563568726035246, -3.512638890993701, -1.4304931374430736, -2.4850570513650672, -4.1155275543603089, -0.89133782998864897, -2.7660124459630309, -1.3188415712125476, -5.2573398138185716, -0.20296460065547589, 0.35281772807032019, -0.24204609228827412, -0.15713557779063489, -0.86000418744548268, -0.88641229789998455, 0.0]\\ \hline19 & [-1.561 -1.49  -0.688 -0.287  1.806] & [ 0.081] & [1.0588572557359359, 0.89460706365565379, 1.5830251484157365, 0.19526589393338828, 1.6544021023957165, 1.5124078431960661, 1.6577125858209392, 1.6696461577903323, 0.1839174002969334, 0.74930023753261243, -3.8258605676381512, 1.3964260016123708, 2.8814304193181122, 1.1392215278473872, 1.449916984429132, -2.10547759817034, 0.63412450602307757, 1.0164390056453412, 2.2047752483755163, 0.046944569277774267, 2.4297542395572744, 0.62587385135260976, 1.7241649417725795, -1.2851847943951105, 1.7492078157097202, -0.6466802363238362, 2.2087996747671901, 1.0349364487840964, -2.0998661442540456, 1.923519262728187, -3.6647216036062238, -0.4006365076886067, -0.68198964784501726, 0.57234244075889751, -2.0915918370575324, -3.5560054434232078, -1.460027253473875, -2.5223837575792611, -4.1564552081665722, -0.91444435204466823, -2.8057183606746645, -1.34879111101128, -5.298791138726159, -0.20966249822977723, 0.37226217997105282, -0.25006077873931892, -0.16248890896608867, -0.88124276313690642, -0.9091247944147266, 0.0]\\ \hline20 & [-1.592 -1.489 -0.686 -0.287  1.807] & [ 0.081] & [1.0588015016001144, 0.87993880438799044, 1.6127438880015763, 0.25265028764538405, 1.663773163644489, 1.5322516084063835, 1.6706052903149557, 1.6937811439686459, 0.23954555702320965, 0.81102257546025747, -3.921855297814945, 1.4063802604328477, 2.8941589905124023, 1.1394832844041183, 1.4840854962296837, -2.1979481855551812, 0.62638547600885908, 1.0657950066106081, 2.1936478392121512, 0.10191882383310948, 2.4412314859987543, 0.66985733924536872, 1.7526354807999942, -1.3679889528346916, 1.7870375605217992, -0.70130843776387508, 2.237428837939528, 1.0713492074276076, -2.1952929506105887, 1.9487141875735672, -3.7658659573899795, -0.44081992091874728, -0.7399221501300276, 0.61220409207188697, -2.1893244254873379, -3.659750208309644, -1.547198757807009, -2.6208955711351276, -4.2424897579985483, -0.98661772441859286, -2.9083021142951955, -1.4390521484023173, -5.3686957500471451, -0.23188692169616587, 0.43070244215755676, -0.27671559217200897, -0.18041510225252208, -0.9474639626055974, -0.97990970009394029, 0.0]\\ \hline21 & [-1.626 -1.487 -0.685 -0.285  1.804] & [ 0.082] & [1.0887798603111034, 0.93166137591948373, 1.6129342731421941, 0.22701499256041135, 1.6859373766288028, 1.544525899122412, 1.6878199071562618, 1.7119349360935279, 0.21804370451632366, 0.77555465978303029, -3.9729835270837257, 1.4318801603194808, 2.9209069905180032, 1.1743698139694232, 1.4805197545213906, -2.2398884184137722, 0.66899691041320664, 1.0426366037576453, 2.2461363968627182, 0.086740009015519329, 2.4650991713000718, 0.66166226610749534, 1.7590143108659166, -1.4030792362762459, 1.7819610757345352, -0.72397362327765347, 2.2423840374684305, 1.0660090039794377, -2.238069454670037, 1.9550586663262639, -3.8178403602680846, -0.45743133231111865, -0.76394998218648624, 0.60591775494957201, -2.2329090762739541, -3.7120237533393445, -1.5844268844522027, -2.6665862494011718, -4.2918934925221413, -1.0164793634933238, -2.9567597312027063, -1.4768936740469059, -5.4180530645689773, -0.24116872388173283, 0.41171053436460281, -0.2877711624249355, -0.18790464805065504, -0.97509208507446232, -1.0092455461345391, 0.0]\\ \hline22 & [-1.632 -1.488 -0.687 -0.287  1.807] & [ 0.082] & [1.0980197789040587, 0.91710813717304707, 1.639201875452071, 0.25924621356680855, 1.6975349780271174, 1.5618204380115912, 1.7082929758108514, 1.7355482741369888, 0.24386091711472979, 0.8280810159967853, -4.0287592834349661, 1.4367085711545236, 2.9247658030250734, 1.1736840680828202, 1.509414466915719, -2.2880306129418502, 0.66469070307197553, 1.0880382921526512, 2.2323059869036888, 0.10486011375404679, 2.4741384997565623, 0.68441851090828931, 1.7791159169108917, -1.4445346361635216, 1.8035333167248011, -0.75152483912297807, 2.2640136128898081, 1.0924151840327541, -2.287306222203433, 1.9766166694475791, -3.8750441621937681, -0.47775423188952204, -0.79297807605845716, 0.63149466356877149, -2.283062730139747, -3.7697662703958765, -1.6281962817496609, -2.7185819080571294, -4.3450446650845667, -1.0522655972485537, -3.0113101575259078, -1.521380683710079, -5.4689255924856512, -0.25259573806516067, 0.43271874028127572, -0.30139740389658687, -0.19715669254997242, -1.0082827447996965, -1.0444289015471868, 0.0]\\ \hline23 & [-1.656 -1.487 -0.686 -0.286  1.806] & [ 0.082] & [1.1138493884840586, 0.94767258218426143, 1.6416123763661754, 0.26091745031959479, 1.7102367148477793, 1.5686831443934928, 1.7309660854831186, 1.7562595344252412, 0.24894766667151316, 0.81163158535625879, -4.0558387471909034, 1.4586078555372426, 2.9382662798720802, 1.1937992152047883, 1.5108694144338075, -2.3102241780121071, 0.69710046602884312, 1.0752656806678818, 2.2608790133125849, 0.11432641568181558, 2.4879249648347597, 0.69034739958864555, 1.7850685207404695, -1.463185128120009, 1.8090756791649445, -0.76381360380406593, 2.2690352609944435, 1.0953049592722195, -2.3099028497527034, 1.9812533747001289, -3.9025070822739312, -0.48682585380711235, -0.80593216883119201, 0.6354372897179682, -2.3060467774612134, -3.7973235208395621, -1.6479410814831505, -2.7427128407084878, -4.3714143318360072, -1.0682262707875332, -3.0368166074136482, -1.5413546740346855, -5.4955908386069909, -0.25771702201520291, 0.44089721341586485, -0.30749058944406893, -0.20131065852290739, -1.023131647251063, -1.0601267862464412, 0.0]\\ \hline24 & [-1.672 -1.487 -0.687 -0.286  1.807] & [ 0.082] & [1.1239252765496892, 0.95618955233263592, 1.6616083842078744, 0.28458488016175781, 1.7246158671748744, 1.5932363927545306, 1.7347288930831861, 1.7607304991278843, 0.27313599811334588, 0.85370729578207905, -4.0977403720375971, 1.4631538202055192, 2.9533804143656988, 1.2083825484008508, 1.5313897009670399, -2.3505405636712893, 0.69387445946865633, 1.1109922760380886, 2.2675617949162232, 0.13949408886026007, 2.4997452500335715, 0.71478555319479042, 1.8051744152890035, -1.4999998399493686, 1.8242563899927717, -0.78939405060116352, 2.2860659450878282, 1.1162250676487253, -2.3512194055047795, 1.9999667902654188, -3.9462735356327108, -0.50619729643741096, -0.83285849792889266, 0.66055064884660508, -2.3483206677134323, -3.8419136246746932, -1.6862958401310528, -2.7852220702840507, -4.4097823254388047, -1.1008976175911471, -3.0808846564832422, -1.5808574916927529, -5.5281842596454309, -0.26878190801302726, 0.46332977800499131, -0.32064773149739845, -0.21032180923691762, -1.0533372653625426, -1.0921932047664471, 0.0]\\ \hline25 & [-1.684 -1.486 -0.686 -0.286  1.805] & [ 0.083] & [1.1434023038567867, 0.97630045055464254, 1.6683991932117677, 0.28966288070300872, 1.7373379490498468, 1.5915727556893213, 1.7495843838082445, 1.7757724511424098, 0.27879905769004754, 0.83147403935584474, -4.1386973695751115, 1.4897349042790684, 2.9685466810082524, 1.2215645162974853, 1.5378328419119125, -2.3874517137296265, 0.72837563160970165, 1.0985366720168281, 2.2917016696346764, 0.14750896663401133, 2.5166922691820259, 0.7204882858025653, 1.8138498254824755, -1.532764235699511, 1.8379576710555148, -0.81197380119440576, 2.2962807546349513, 1.1241389037665031, -2.3889023870491162, 2.0084665706443179, -3.9883979662106044, -0.52327723513714641, -0.8566303697147466, 0.66505909611701253, -2.3867700003454724, -3.8845229451436647, -1.7205680058646766, -2.8244956425309322, -4.4484392086904725, -1.1297102166502344, -3.1218945305070469, -1.6159092257009688, -5.5639781638932586, -0.27859521808783161, 0.47323571691690797, -0.3322767873064571, -0.21832807466253099, -1.0800850624638483, -1.1205128897730319, 0.0]\\ \hline26 & [-1.701 -1.487 -0.686 -0.286  1.807] & [ 0.083] & [1.1493475536360922, 0.97990906787066934, 1.6793306346226904, 0.29758417571472567, 1.7500403090054955, 1.6113815295595832, 1.7734998735277252, 1.8006212928466108, 0.28587519551669294, 0.86267628894824844, -4.1619859674477988, 1.4869345600898063, 2.97870404116235, 1.2299475687634154, 1.5488622606648192, -2.4052551086403171, 0.71860458082592149, 1.1239825720670114, 2.2949973876972174, 0.15271147740150151, 2.5261740538857742, 0.72867296421353678, 1.8242032971553024, -1.5471844190931938, 1.8467531270965445, -0.82139070143802106, 2.3079256273884212, 1.1328920643478713, -2.4069382187738437, 2.01947169774422, -4.0117105234326056, -0.5301963395206245, -0.86652375871261744, 0.67356055720204633, -2.405045741285972, -3.9077303720958527, -1.7359236036079577, -2.8441013744120012, -4.4717602770540541, -1.1418858691919849, -3.142750736704814, -1.6312303668154824, -5.5890725982283671, -0.28253105113342475, 0.47930935950714071, -0.33694816253758186, -0.22152201376139141, -1.0914907929667725, -1.1325031780721797, 0.0]\\ \hline27 & [-1.71  -1.486 -0.686 -0.286  1.806] & [ 0.083] & [1.1658257336789317, 0.99423360918346892, 1.6921004801053032, 0.30794151063231995, 1.7610585242338774, 1.6217496626396606, 1.7690077761888063, 1.7947421267945736, 0.29615966112312136, 0.86994452506830899, -4.1900980121479119, 1.5126046083564, 2.9931919951303816, 1.2434945145832925, 1.5614669734348201, -2.4258421716381329, 0.74918580824180836, 1.1326784819387694, 2.3111486437650921, 0.1628545229800904, 2.5409177576330606, 0.74002272136149438, 1.8372427412616612, -1.5634160736235594, 1.8590345136129884, -0.83180222629915035, 2.3214288263717311, 1.1447394970979308, -2.4277674903682382, 2.032689589863264, -4.0396555368217131, -0.53777785160978786, -0.87746800165874239, 0.68503330116701122, -2.4261093021352362, -3.9354483331051719, -1.7533023170553104, -2.8669931371502759, -4.5002665068472973, -1.1554224733411345, -3.1672412655312314, -1.6484618784596825, -5.6206860070816109, -0.28683870397284594, 0.48971108817871639, -0.34205422140411346, -0.2250095962513366, -1.1041903898706871, -1.1458483099235297, 0.0]\\ \hline28 & [-1.718 -1.486 -0.686 -0.286  1.805] & [ 0.084] & [1.1729346075963849, 1.0093218000291091, 1.7056974165208085, 0.33587401605244088, 1.7705773228564192, 1.6339808057981406, 1.7897005532357519, 1.8173096207974202, 0.3246668102565447, 0.89199714667974506, -4.2303361102756103, 1.5056047488201656, 2.9961517417631005, 1.2578344423816112, 1.5762044957740775, -2.4638049907441655, 0.73825375053829523, 1.1535364958077416, 2.314225289969114, 0.19390373832553615, 2.542196176694794, 0.76366948699083348, 1.8499974945310922, -1.5979906489767302, 1.8735499748420887, -0.85633422954002103, 2.3292953337047941, 1.1648624919810378, -2.4664895428988798, 2.0432958371321339, -4.0812325410730432, -0.55659635716852673, -0.90321529237375098, 0.70884853513412194, -2.4656229527917426, -3.9775984824653503, -1.789237732870099, -2.9068924932328422, -4.5378782461450342, -1.1862468705580262, -3.2085831432959093, -1.685266845377454, -5.6542742320873023, -0.2978193781211444, 0.51767884863994773, -0.35502747806637475, -0.23400949745279404, -1.1329045816786141, -1.1761579549711421, 0.0]\\ \hline29 & [-1.736 -1.485 -0.686 -0.286  1.805] & [ 0.084] & [1.1779230933539484, 1.0205986291201772, 1.7317859096410624, 0.32037357463948374, 1.7732548502620404, 1.6571422409854055, 1.7627632988327337, 1.7977375844439667, 0.30415749024610295, 0.87357280207587373, -4.3838336938362135, 1.5184225463981376, 3.0508894088400851, 1.2729202419339125, 1.6049524234964312, -2.6290359466518125, 0.75549337790331461, 1.1359769071449453, 2.391644672050063, 0.17427516069094989, 2.548705499181648, 0.76911908002783669, 1.8867096898527038, -1.7575417348916316, 1.8843674030498379, -0.9744500840885939, 2.3745215806014444, 1.1722845946840947, -2.6352795366639228, 2.0763857980440585, -4.2435414226711101, -0.64898472633335924, -1.0268164033579474, 0.71609477071786132, -2.6385364792714689, -4.1439707343429166, -1.9529578067544664, -3.0758637763383523, -4.67423587424482, -1.3320513837856789, -3.3809085680251503, -1.8547062536669092, -5.7554298925279008, -0.35244625436188332, 0.50614262232775376, -0.41939497134259734, -0.27902978369422043, -1.2685371606512983, -1.3194104707449692, 0.0]\\ \hline30 & [-1.729 -1.488 -0.691 -0.288  1.811] & [ 0.084] & [1.1832406020157074, 1.0201884742941194, 1.7298831312217766, 0.32773090704476698, 1.7815032932655048, 1.6489263791374575, 1.8100905363636544, 1.8370022964605754, 0.31178016581629003, 0.88498853112662879, -4.3900050983585892, 1.5252922190732581, 3.0370992944905724, 1.2696866087082823, 1.6022080614448813, -2.6343826405722059, 0.76109356848097931, 1.1465334544675831, 2.352904394991449, 0.17989280551057513, 2.559506690930883, 0.77054531961675332, 1.8803262108159944, -1.7622746490839645, 1.8834500390459041, -0.97788988679677125, 2.3655167370189338, 1.174701191280328, -2.6407295976761325, 2.0718549066525429, -4.2498214279315905, -0.65164758903512399, -1.0303867482004854, 0.71849046921264148, -2.6440607585080373, -4.1502759851551057, -1.9579017399082419, -3.0815872205447334, -4.6802228703769702, -1.3362743085100914, -3.3868533362289037, -1.8596785451057887, -5.7613065642179082, -0.35404611824518833, 0.50909990966928564, -0.42127003857265694, -0.28034804738518737, -1.2724969125687178, -1.3235746103396406, 0.0]\\ \hline31 & [-1.735 -1.488 -0.689 -0.286  1.808] & [ 0.084] & [1.1989446678759326, 1.031125694119948, 1.733903744714643, 0.34439645794806778, 1.7997154730418077, 1.6578957409490338, 1.8061964525457648, 1.8324917684425686, 0.3308396642960254, 0.90845556323814625, -4.4107447254893346, 1.5457901868364379, 3.0307248472541968, 1.2797934717423574, 1.6038278138618034, -2.6506557075119686, 0.77905064855033468, 1.1683287510353424, 2.3410052164009771, 0.19691842235180063, 2.5774408075463975, 0.77958247563803296, 1.8787482339028692, -1.7758453107002798, 1.8921942775944365, -0.98730077751025425, 2.3609474083065045, 1.1847665685328161, -2.6572420238485157, 2.0735702281958046, -4.2705810004767386, -0.65881716254813538, -1.0402154503143142, 0.72751109374077649, -2.6607525397072789, -4.1709627861443641, -1.9722446890903593, -3.0993568242716205, -4.7009308399744807, -1.3480568611936972, -3.405611692868264, -1.8739930011315877, -5.7833210386566547, -0.35831122498760354, 0.52212005880069012, -0.42626954217377711, -0.28384492348537493, -1.2835739438222444, -1.3352062100337567, 0.0]\\ \hline32 & [-1.751 -1.487 -0.686 -0.286  1.806] & [ 0.084] & [1.2087854897133774, 1.0418128093774957, 1.7368400086177267, 0.36983217269641921, 1.7996582007154083, 1.668354070956654, 1.8243687732701399, 1.8508621742882003, 0.36032974534352985, 0.9192564191432463, -4.4434427370888097, 1.5436250417311068, 3.0301578860643419, 1.2909578049046497, 1.6061699369587545, -2.6810266880170066, 0.78164820411897407, 1.18414539281061, 2.3598205659827824, 0.22878817335502422, 2.5745925123220452, 0.79532018647865399, 1.8803469992760389, -1.8036429690979088, 1.9100935969461763, -1.0079860693946923, 2.3612777554606965, 1.196568882193265, -2.6881288532553058, 2.0752118811425304, -4.3040668189482689, -0.67518149596594512, -1.0617994815071006, 0.73855627992959538, -2.6921078885846867, -4.2047707668036134, -2.0010133835111916, -3.1311942437238338, -4.7319991673793984, -1.3732593548196068, -3.4384935156539078, -1.903290765777967, -5.81196065875121, -0.36830050279705745, 0.55312786435570505, -0.43792657440128885, -0.29212856105375706, -1.3072988358768172, -1.3600617811223532, 0.0]\\ \hline33 & [-1.769 -1.485 -0.686 -0.285  1.804] & [ 0.084] & [1.2158471638488306, 1.0513865642649416, 1.7581445145971877, 0.35700796643725852, 1.8135745194163486, 1.676456996014968, 1.8221113429513744, 1.8461526875657039, 0.33871632881730418, 0.94674825239010896, -4.509188448946519, 1.5629549348646059, 3.0592414972773145, 1.300961922928517, 1.6347909106184453, -2.750270089504621, 0.7986109544065062, 1.1915081290912393, 2.3393973638951167, 0.21733262805250284, 2.5915473162425351, 0.80899502921691802, 1.9149862952086398, -1.8708871712699389, 1.8979789801492288, -1.0602724290895285, 2.3891376556488595, 1.2079368107842472, -2.7585416661738993, 2.0973678794507866, -4.3726596309562771, -0.71742955648613937, -1.1161943995268728, 0.76214087140058229, -2.7639400107988892, -4.2747065567671605, -2.0696518598363807, -3.2017301640736302, -4.7918625080108042, -1.4356975348872556, -3.5102507526396893, -1.9738798162231115, -5.8592485750645045, -0.39446289477736318, 0.5408154479495908, -0.46837639832391609, -0.31391996411787798, -1.3660434077291874, -1.4216018555858316, 0.0]\\ \hline34 & [-1.776 -1.486 -0.687 -0.285  1.806] & [ 0.084] & [1.2228276399564155, 1.054995301191471, 1.7561248278941912, 0.37852101400107463, 1.8218695246166183, 1.6855095716936264, 1.8375379694771503, 1.8625596365337358, 0.36862003473194199, 0.92515292818904227, -4.5349242246394734, 1.5672657864496389, 3.0539284866271745, 1.3043139581661674, 1.6247570070464541, -2.7714615643398215, 0.8022270167988208, 1.1938728475145948, 2.3868315294952773, 0.23641437916118285, 2.5999090290307199, 0.80937330483867886, 1.9003279038411041, -1.8891719949750607, 1.9230478756922857, -1.0734827466383525, 2.3817130047164667, 1.2115808668796677, -2.780017050740196, 2.0957910934641713, -4.3985241513785471, -0.72779705463139421, -1.1299745722440324, 0.75409377133916955, -2.7856709138003288, -4.3005427220474211, -2.0887893522114047, -3.2245126214067907, -4.8173106890368782, -1.4519065720198696, -3.534160187788626, -1.9931247969929495, -5.8854703338217487, -0.40081846049770831, 0.56016202227739365, -0.47577386601285826, -0.31918841767309641, -1.3813277408564693, -1.437597095089123, 0.0]\\ \hline35 & [-1.779 -1.486 -0.687 -0.286  1.805] & [ 0.084] & [1.2350928041057236, 1.064030450026729, 1.7618764301038645, 0.38259396177152494, 1.8291513801481518, 1.69002940030146, 1.8497239378313182, 1.8792876853986868, 0.37143587759493413, 0.94497731636481164, -4.5505932678926033, 1.5760249200389507, 3.0595244281316876, 1.3134530877001092, 1.6314726406918965, -2.7837399514022412, 0.81168872644193579, 1.204335243224854, 2.3731989014507713, 0.23985320289770257, 2.6058360195282924, 0.81425379902481576, 1.9070306827301353, -1.8994328629497246, 1.9278516538970412, -1.0807224802858593, 2.388377453495572, 1.2171592438537928, -2.7924267036832444, 2.1013973387318585, -4.4141543301698967, -0.73340110998411978, -1.137526819654171, 0.75968770274596931, -2.7982087593200728, -4.3160836725045293, -2.0995998898361772, -3.2378644527806557, -4.83305308392766, -1.4608439830954119, -3.5482533432744323, -2.0038929925504863, -5.9023331311634122, -0.40423432814519528, 0.56446273910477962, -0.47975515788385809, -0.32201550276542845, -1.3897917396124224, -1.4464284814900366, 0.0]\\ \hline36 & [-1.786 -1.485 -0.686 -0.285  1.804] & [ 0.085] & [1.2402129675711127, 1.0743335573064074, 1.7699861454537149, 0.39360911445305402, 1.8392328925277479, 1.7020827086387447, 1.8509901008200937, 1.8702843653260803, 0.38263900127827388, 0.95333872818634757, -4.5701866404934464, 1.5872538171779174, 3.0670633032154906, 1.3239892203774484, 1.6402047952443621, -2.8006366381961643, 0.8228659305187509, 1.2165799228570793, 2.3931719637962776, 0.25324083908775386, 2.6164247333317574, 0.82548248613128683, 1.9162253314645918, -1.9144132276311525, 1.9364969347099359, -1.0918170529432738, 2.3958431529715178, 1.2273174255643435, -2.8095399551967342, 2.1090636767810125, -4.4339339938984041, -0.74221623023945538, -1.1490861559257344, 0.77103308960984218, -2.8155476698702877, -4.3358954890466723, -2.1151720950342141, -3.2558036571286793, -4.8522308129081937, -1.4742962053781856, -3.5669453330311791, -2.0196069618174719, -5.9214675700309112, -0.40971231281248327, 0.57710291921520374, -0.48610458513088872, -0.32657767384673608, -1.40250511879937, -1.4597065080295117, 0.0]\\ \hline37 & [-1.802 -1.485 -0.686 -0.285  1.804] & [ 0.085] & [1.2485223321510011, 1.0780741879274525, 1.7758621428966139, 0.39693091355293675, 1.8445700824878757, 1.7064598662123069, 1.8649230389292188, 1.8946956896919238, 0.38592246701641947, 0.9583926509061409, -4.5853648327661416, 1.5908168571240366, 3.0756435648566236, 1.3279841258957983, 1.6459092194218454, -2.8113876938609752, 0.82578811222723991, 1.2205991011344615, 2.394916736072398, 0.25607202500072151, 2.6228433765851427, 0.82946652293664658, 1.9224325918477012, -1.9227813167630061, 1.942977680364449, -1.0973531927118898, 2.4033861818898572, 1.2318638875258112, -2.8203692148460275, 2.1156710388173834, -4.448885328229383, -0.74636281424037021, -1.15487425149401, 0.77463377705413661, -2.8264554009693392, -4.3506532542884564, -2.1241246379759948, -3.2677929560937242, -4.8678706440855919, -1.4813033192860772, -3.5797961780724372, -2.0284002184509129, -5.9392981014512412, -0.4121856788558661, 0.58092534442474808, -0.48899510124137735, -0.32860829911497141, -1.4091560723290899, -1.466633257130924, 0.0]\\ \hline38 & [-1.811 -1.485 -0.686 -0.285  1.805] & [ 0.085] & [1.2590412496410663, 1.0901919618697986, 1.7858362197462387, 0.40895813845621876, 1.8551851257417726, 1.7162852714888681, 1.8679446849889436, 1.8856327993482513, 0.39771461218606624, 0.97073213130119207, -4.6050547102801032, 1.6021304371044407, 3.0825281583641684, 1.3386288502936552, 1.6562504326615171, -2.8279233573962737, 0.84116730903524417, 1.2302177493305944, 2.3997224020589791, 0.26698477721516289, 2.6298538351891891, 0.84042913917285866, 1.9318190928690262, -1.9372126172178907, 1.951812274031399, -1.1079526043958166, 2.4127297203312401, 1.2416559250970294, -2.8370776870097068, 2.1250070517240474, -4.4686971932516668, -0.75475368664225739, -1.1659016793543044, 0.78544106869916208, -2.8433705891661312, -4.370441794382228, -2.1391678204206857, -3.2854405136686404, -4.8873374930583742, -1.494161449008073, -3.598250442127005, -2.0435189628583896, -5.9592134946545308, -0.41738566610434574, 0.59181620612880337, -0.4950334236112523, -0.33294048734659748, -1.4213370531302194, -1.4793297635581717, 0.0]\\ \hline39 & [-1.825 -1.485 -0.685 -0.285  1.804] & [ 0.085] & [1.2625097677679651, 1.0929268357887088, 1.7912117126710543, 0.412281431538084, 1.8595251029182838, 1.7214695361690024, 1.8802983140132086, 1.9094766240514276, 0.40132406408944593, 0.97481105858008976, -4.6197992778750923, 1.6061418030725609, 3.0909930601763063, 1.3424648466741547, 1.6613703435973386, -2.8384025750946815, 0.84145390141721521, 1.2354077252152804, 2.4071830776686554, 0.27074372500481136, 2.6380493669768477, 0.84468144088325803, 1.9377622594812987, -1.945397516066887, 1.9579501833668482, -1.1133951220485574, 2.4194750844756743, 1.2461973321961677, -2.8476308224388442, 2.1311303999034261, -4.4832255651761752, -0.75884533313772828, -1.1715862611857069, 0.78931396228634942, -2.8540032529993469, -4.3847836266625464, -2.1479126374284503, -3.297111779151952, -4.9025232751272121, -1.5010342345035363, -3.6107564349916212, -2.0521194572085468, -5.9765112664304292, -0.41983516373836915, 0.59611066861384632, -0.49789600256677669, -0.33495656713641181, -1.4278606341968723, -1.4861227638336962, 0.0]\\ \hline40 & [-1.832 -1.485 -0.686 -0.285  1.805] & [ 0.085] & [1.2758902959009573, 1.1043312326483214, 1.8000170647231455, 0.42375524786714258, 1.8703109186181868, 1.7307869773448474, 1.881944446106806, 1.9003060003030283, 0.4125604633143275, 0.98438115092270495, -4.6384873531341064, 1.6156328036217875, 3.0969022003102875, 1.3528596800935384, 1.6705534751331321, -2.8540760400651672, 0.85520052190233564, 1.2456200175007486, 2.4158022532555901, 0.28164993084729073, 2.6445092120765907, 0.85485397953103137, 1.9460885640816423, -1.9590886378496852, 1.966578849760682, -1.1234862938915875, 2.4274945290302239, 1.2556069793691169, -2.8634625362980644, 2.1392470710667966, -4.5020124214204955, -0.76684397336443988, -1.1820733828935435, 0.79939347954951911, -2.8700356179482243, -4.4035475380875386, -2.1621694088053842, -3.3138394462161846, -4.9210279235536882, -1.5132347926395164, -3.6282443046385455, -2.0664481776662087, -5.9955112720825978, -0.42480066140781214, 0.60695993874218734, -0.50366802746630324, -0.33910660114088909, -1.4394449547804591, -1.4981781756470247, 0.0]\\ \hline41 & [-1.844 -1.485 -0.685 -0.285  1.805] & [ 0.086] & [1.2772175546648106, 1.1072288244089694, 1.8052209131302224, 0.42703450189487685, 1.8740089381573903, 1.7357316466413337, 1.8945255157277459, 1.9233978019513678, 0.41601217348232661, 0.98909559481332665, -4.6525698065258752, 1.6203942979517294, 3.1048370101414569, 1.3566439453726618, 1.6755846262545933, -2.8641086470397328, 0.8561732802665003, 1.2503141096971719, 2.4215673148551642, 0.28523495131094667, 2.6524949846363741, 0.85897041408337071, 1.9518291624924036, -1.9669375886931795, 1.9724521692482671, -1.1287242628335556, 2.4339828658843428, 1.2600579683538888, -2.8735592155265417, 2.1451162950286213, -4.5158920617657232, -0.77078915785349122, -1.1875404406629317, 0.80320530561384529, -2.8802067810534435, -4.417248461878156, -2.1705505843260919, -3.3250008623437957, -4.9355418527440573, -1.5198318342355803, -3.6401968126655166, -2.0746882179013695, -6.0120386727360744, -0.42716910087509646, 0.61109785412057793, -0.50643528616759792, -0.34105762138858864, -1.4457147881207397, -1.504697066355563, 0.0]\\ \hline42 & [-1.854 -1.485 -0.686 -0.285  1.806] & [ 0.086] & [1.2884085841760349, 1.1175660317125029, 1.8137616845532032, 0.43810603623575411, 1.8834026540796258, 1.7449857298482407, 1.897522777560974, 1.914702798395266, 0.42710547479438965, 1.0004185533871517, -4.6705354042249674, 1.6298732687416555, 3.1108914367848186, 1.366106020784815, 1.6846237888258431, -2.8792766022724883, 0.87104413309254769, 1.259456183852526, 2.4286954564273167, 0.29674085905592401, 2.6579110478542516, 0.86978405776641754, 1.9605071766879636, -1.980256182483382, 1.9796823372533165, -1.1386012027844516, 2.4416006033879518, 1.2692306511551643, -2.8888663273485236, 2.1530052838481932, -4.5339723606652296, -0.77864342125018382, -1.1977896595618864, 0.81405903793835566, -2.8957102385655542, -4.4353040681256033, -2.1843950573642794, -3.3411469682922652, -4.9533298665081782, -1.5317315773649178, -3.6570665897018619, -2.0885996102322508, -6.0302523167143702, -0.43206680211584864, 0.62192736071998211, -0.51212462176926032, -0.34514917004552542, -1.4570148170365278, -1.5164398381851907, 0.0]\\ \hline43 & [-1.867 -1.484 -0.685 -0.285  1.805] & [ 0.086] & [1.2916073756708912, 1.1207197069865089, 1.8187096491691732, 0.4413799606877295, 1.8880355740661676, 1.7495965406615592, 1.9079930149828119, 1.9371681700757502, 0.43045686716579001, 1.0040229831714258, -4.6840376058798929, 1.6340867205509444, 3.1183195704286533, 1.3699986460506393, 1.6894392727649012, -2.8889466984916936, 0.87063656255835908, 1.264581722804049, 2.4346197189078098, 0.30006217530471363, 2.6665097464091176, 0.87356906471804896, 1.9658720579138649, -1.9878572699417856, 1.9855795997484413, -1.1437052605683617, 2.4479071597665025, 1.2734317232088144, -2.8985937306992837, 2.1585674677332314, -4.5472869976030372, -0.78250467536325108, -1.2031102350030776, 0.81745968826457127, -2.9055143555389993, -4.4484480994076545, -2.1924980102621361, -3.3518832209032849, -4.9672367590694213, -1.5381362178373823, -3.668554770875418, -2.0965711883709233, -6.0460597573401618, -0.43439155364821369, 0.62600315809511242, -0.51483914249934826, -0.34707056265417796, -1.4631074108576041, -1.5227695450030194, 0.0]\\ \hline44 & [-1.874 -1.484 -0.685 -0.285  1.806] & [ 0.086] & [1.3020886326910399, 1.131079351925939, 1.8267661463224483, 0.45202502937519129, 1.8965460540031156, 1.7582807936051477, 1.9120131364667321, 1.9284730781126764, 0.44089192803020288, 1.0141428265079981, -4.7010702854246231, 1.6434848295885935, 3.1237567228379279, 1.3796277853291803, 1.6980429991568313, -2.9034221318608631, 0.88512452572023526, 1.2738262591943172, 2.4423091053174772, 0.31080175529073817, 2.6712527794955623, 0.88353998872696704, 1.9739229682059383, -2.0006255828209718, 1.9929331902318881, -1.1532310474608714, 2.4551371141028215, 1.282290234956001, -2.9131855582260457, 2.1659383084545096, -4.5644362080379368, -0.79011206589730953, -1.2129793059932354, 0.82749330091103979, -2.9203056472003843, -4.4655694362814859, -2.2057466207967602, -3.3672465426270657, -4.9840915025486519, -1.5495685622021873, -3.6845910174986591, -2.1099005458567386, -6.0632745057055111, -0.43915592141127913, 0.63639130917928244, -0.52036959715803499, -0.35106888335013259, -1.4739854756723656, -1.5340543613321374, 0.0]\\ \hline45 & [-1.883 -1.484 -0.685 -0.284  1.805] & [ 0.086] & [1.3047385201162141, 1.1340155851662967, 1.8317360733082741, 0.45512371768167753, 1.9012697719081684, 1.7629985906385894, 1.9213772968684708, 1.9505184817772909, 0.44419812775031503, 1.0180063277238542, -4.7141861893217891, 1.6476917229403727, 3.1313180724645764, 1.3833335447635677, 1.7027648636677128, -2.912830283619944, 0.88459770759696899, 1.2782978201557829, 2.4479086047865524, 0.31416915071615975, 2.6797506146442713, 0.88737911238073075, 1.979294309320613, -2.0080364738477856, 1.9986142232627602, -1.1582255200296727, 2.4612290407897941, 1.2865646640785515, -2.9226480078199319, 2.1715434268890199, -4.5773700043843562, -0.79389783938518499, -1.2181838832489973, 0.83106042105838729, -2.9298445535312601, -4.478337109370325, -2.2136419183621792, -3.3776840294783064, -4.9976004249789669, -1.5558224307828228, -3.6957605212100924, -2.1176709916476937, -6.0786254509380679, -0.44144336104715121, 0.64023231192006025, -0.52304080010172027, -0.35296178702728886, -1.4799358454463603, -1.5402341785945945, 0.0]\\ \hline46 & [-1.891 -1.484 -0.685 -0.284  1.806] & [ 0.087] & [1.3157814113488029, 1.1439600852969405, 1.8396200050226659, 0.46530619011353924, 1.9096424322180308, 1.771314521412618, 1.9254830347732663, 1.9417153164208514, 0.45422733355866907, 1.0276653220113459, -4.7305142339344428, 1.6562947849796246, 3.1367267841273385, 1.3924569755602696, 1.7110920591903636, -2.9267480902529526, 0.89839681818866324, 1.2872050357371647, 2.4550789259127144, 0.32445191929433159, 2.6844877397594775, 0.89698421490855418, 1.9871069802454622, -2.0203473090727586, 2.005746286539916, -1.1674450345108851, 2.4682227748265402, 1.2952017592127953, -2.9366671709940517, 2.1787884703543461, -4.5937979404998446, -0.80128148821809797, -1.2277326374572142, 0.84078872237485469, -2.9440567462450131, -4.4947475451114896, -2.2264105448982354, -3.3924361660134266, -5.0137568489492406, -1.5668564646701855, -3.7111588144871055, -2.1305006459751157, -6.095123824994376, -0.44608594334840213, 0.65006642423355554, -0.52842552200109327, -0.3568637053527447, -1.4904320236898274, -1.5511283494142323, 0.0]\\ \hline47 & [-1.894 -1.484 -0.685 -0.284  1.805] & [ 0.087] & [1.3176306443958554, 1.1470056954341559, 1.8445266764830641, 0.46827669801601618, 1.9141292598261106, 1.7759419525012365, 1.9341034572219817, 1.9633690532076882, 0.45741948869866905, 1.0312064255858888, -4.7432393676073232, 1.6608705015474019, 3.1441706913933429, 1.3963677476443876, 1.715657361779634, -2.9358875936763762, 0.89760799805842195, 1.2914330982951727, 2.4608275060900038, 0.32769591428740097, 2.692512963443499, 0.90065272368870497, 1.9923034886915161, -2.0275579733817932, 2.0114081785507949, -1.1723181620634058, 2.4740531399120549, 1.2995261285612281, -2.9458602720963962, 2.1843181197261732, -4.6063455858129103, -0.80498519897275367, -1.2328115745739334, 0.84427961796699869, -2.9533216734419492, -4.5071331285319065, -2.2340883566201115, -3.402572316591967, -5.0268634436019832, -1.5729500527809692, -3.7219988185413073, -2.1380578677833175, -6.1100206807580753, -0.44832891319167967, 0.65367008109611935, -0.53104266769763098, -0.35871964014689772, -1.4962291276314341, -1.5571491542783207, 0.0]\\ \hline48 & [-1.899 -1.484 -0.685 -0.285  1.805] & [ 0.087] & [1.329118589490047, 1.1567713952626619, 1.8522182276003891, 0.47744181419409787, 1.922629584931965, 1.7837085155115908, 1.9376970831267004, 1.9553186930230753, 0.4663151628178947, 1.0390594367569568, -4.7587808531515305, 1.6685957287012276, 3.1496531166232158, 1.405460810576735, 1.7234642001136826, -2.948901288653393, 0.90926578382160883, 1.2997389519929115, 2.4682870390674725, 0.33641566480246327, 2.6976638600300529, 0.90889768791469361, 1.9994413769752408, -2.0389571043456445, 2.0189972799472415, -1.1808124981173789, 2.4807277974537549, 1.307953081436023, -2.9589798990969465, 2.191463764720305, -4.6219482779496071, -0.81177686078088707, -1.2416066547357492, 0.85281941140979789, -2.9666060555579055, -4.522695825277756, -2.2459373957854152, -3.4164239204056273, -5.0423257806721944, -1.5831333271802939, -3.7364835369846534, -2.1499490270345993, -6.1260569062616952, -0.45260228175262868, 0.66211817613534407, -0.5359907441532431, -0.36230525519146856, -1.5059304163299951, -1.5672084459742346, 0.0]\\ \hline49 & [-1.908 -1.484 -0.685 -0.284  1.805] & [ 0.087] & [1.3301813527475495, 1.1595318374883414, 1.8569149422082392, 0.48065220530528641, 1.9264889883970537, 1.7882218868984281, 1.9464624080733945, 1.9757299234885257, 0.46969078165125711, 1.0433069128221604, -4.770952622448692, 1.6730820498716867, 3.1564356376388281, 1.4088484829905201, 1.7279788686853854, -2.957714248911647, 0.91014911151137623, 1.3039591380273263, 2.4732331816436428, 0.3398241695228299, 2.7048184915843647, 0.91271206338868471, 2.0044834763804609, -2.0459522068532094, 2.0242246586596524, -1.1855803089227701, 2.486374322970704, 1.3120468304994253, -2.9678417461138937, 2.196678683624266, -4.6339597570445914, -0.81541530669871698, -1.2465693322174369, 0.85638807980247034, -2.9755403025358778, -4.5345560932566844, -2.2533753496259603, -3.426171124516185, -5.0548465180509261, -1.5890698679711099, -3.746895608864012, -2.1572779945049385, -6.1402422965453081, -0.45481810867957034, 0.66593184897688362, -0.53857132982339517, -0.36414412737054808, -1.5115819231726029, -1.5730745861980877, 0.0]\\ \hline
    \end{tabular}
    \end{center}
    