
    \begin{center}
    \begin{tabular}{c|c}
    parameter & value \\
     Starting value of $\beta $  & [0, 0, 0, 0, 0] \\
     \hline
     Starting value of $\eta$ & 0.05 \\ 
     \hline
     Real values of $\beta$ & [-1, -1.2, -0.65, -0.25, 1.55] \\
     \hline
     Real value of $\eta$ & 0.12  \\
     \hline
     $n$ & 100  \\
     \hline
     $X$ & $\mathcal{U}([5, 5, 5, -5], [10, 10, 10, 10])$  \\
     \hline
     Censure & $\exp(30)$  \\
     \hline
     Optimization method & (gibbs)  \\
     \hline
     Seed &$1234$  \\
     \hline
     Constante &$Yes$  \\
     \hline
\end{tabular} \begin{tabular}{c|c|c|c}
    Iteration & beta & eta & Frailty mean\\ 
    \hline
    0 & [-0.197 -1.306 -0.876 -0.081  1.529] & [ 0.05] & [0.024665845207471081, 0.026723908793483086, 0.010061767727030846, 0.026833256322882821, -0.0086613224426458461, 0.019535732283147891, -0.022030667784136364, 0.00038190243255928878, -0.033789622228407187, 0.056040901300971432, 0.028349926308298801, 0.0035038592467639155, -0.0019799299310730347, 0.012801482947862214, -0.00017124587430557319, -0.011128316446485589, 0.016242260867187809, 0.013887432855353644, 0.001131714129260571, -0.016866670731744644, -0.062801071050205159, 0.025934824217025032, 0.034847311030431219, -0.02835874250135282, -0.044204514307835542, -0.024466391976713374, -0.0068194969634600578, 0.0, -0.052958905367425466, -0.045412356984862942, -0.00067800425901181206, -0.025963948801543586, -0.028403094181154109, 0.035455100871668872, -0.0099135816127617262, -0.014117210555677138, 0.0074350222918416085, 0.0019985426201284463, -0.0071621043286786258, -0.008568065610070395, -0.040716530860121058, 0.010416171016593532, 0.0081803939174179448, 0.010440445524091412, 0.0014462915574422848, -0.029821422006841923, -0.019811826938411482, -0.028945240002906603, 0.0006265691267660085, 0.0032121853710099803]\\ \hline1 & [-0.277 -1.305 -0.901 -0.104  1.577] & [ 0.142] & [0.070188824596379915, 0.060829613639914772, 0.050365559128344617, 0.076356382907408343, -0.062078396481770402, 0.039785841326196267, -0.073624654995669198, -0.011994982186943332, -0.12642378024373063, 3.8847669692954055e-05, 0.14390911746022667, 0.052187922722503922, 0.050787105688056042, 0.058880791993224282, 0.04098677584529202, -0.031666599889259142, 0.046218776995745781, 0.089689857179060542, -0.0047511558675284856, -0.051955125396278709, -0.15490013942683128, -0.0020351285229524949, 0.076287647119607033, -0.080697287543118973, -0.10165816064177782, -0.12507650851834642, -0.12998248249096306, 0.0, -0.16918320735854023, -0.15275432592885568, -0.0019293205487628889, -0.034625949106212216, -0.13827764422664982, 0.096453122988982634, 0.065743863951130785, -0.02056281776473046, -0.062328667429517905, 0.013468034516525961, -0.010873169018564726, -0.02438118171816598, -0.17167114227187752, -0.050549394012518491, -0.0023377578329244059, 0.12281757180872019, 0.0041155493998557176, -0.052001575096251015, -0.064034591446955072, -0.12948264612753105, -0.01492561888989811, 0.103427713089038]\\ \hline2 & [-0.452 -1.273 -0.905 -0.116  1.589] & [ 0.127] & [0.074374549996956904, 0.051495930627746531, 0.073032423587843592, 0.081302922925220261, -0.055219410912795287, 0.030305626304976518, -0.042966295732379929, 0.062673615220538048, -0.071229215580418337, 0.029868632016950003, 0.1232463386731005, 0.15963888739628751, 0.030037954527137457, 0.029546640784237816, -0.023713901169312619, 0.031648589041763597, -0.039512431652815989, 0.068225971998248133, -0.047320866250680729, -0.031683002824688354, -0.10016303220061122, 0.11270101199779289, 0.10273090299734366, -0.04682163695446788, -0.1335490366473763, -0.16536217287259442, -0.077428297584535399, -0.034198840251539249, -0.17806509546827637, -0.1675059400972751, 0.066318782288729908, -0.030800159480648692, -0.14536107340552021, 0.13042840075188694, 0.094740029983881355, 0.085172057978617044, -0.028820070825229815, -0.031440969511413189, -0.035313171561800416, -0.083374688178192685, -0.20541534964739588, -0.077325898471520271, 0.0048546911613015723, 0.036883048617978843, 0.024636110968522539, -0.019653779321173903, -0.083589860841633473, -0.015801022228497129, -0.053882662464412055, 0.24143339329025779]\\ \hline3 & [-0.595 -1.279 -0.895 -0.12   1.606] & [ 0.136] & [0.080168983270429581, 0.042993701937584887, 0.061393822928277421, 0.14706911899791639, -0.031127985863026786, 0.061901788776890343, -0.046313749043220206, 0.10325943412421941, -0.077327000873565949, 0.051326009094001646, 0.081176971165701717, 0.12727911259493788, -0.076775289529606952, 0.037786003038605014, 0.055984350418419315, 0.051108507700430683, -0.19722651664799368, 0.031647101689095139, -0.0070960263302040517, -0.043357578000819755, 0.0056806931794136538, 0.048089754295348904, 0.17364690724088652, -0.17165701183876983, -0.15750055369839006, -0.20244795395090781, -0.083460644722777352, -0.036863231469715409, -0.20959698437630053, -0.18653991873168915, 0.077057349252944093, -0.1067470961642097, -0.085092674687702305, 0.16951110631267632, 0.024182490570902569, 0.013513956307196867, -0.078997046003966953, -0.011827530319465923, -0.027682828030844275, -0.12767705471153895, -0.2203611642070237, 0.020105414078149853, -0.05187270918141438, 0.064190627291954211, -0.048181241147526158, -0.01966265001953612, -0.20832228536092687, -0.065715066155197482, -0.12052869732909115, 0.21152451255812413]\\ \hline4 & [-1.072 -1.265 -0.854 -0.126  1.626] & [ 0.113] & [0.11711779048501789, 0.03521052025208983, 0.044105446645177765, 0.13626333679005187, -0.060322574613678161, -0.0019540674331672281, 0.00074804329179707922, 0.044303827073636143, -0.097709451708965833, -0.013699035922270864, 0.056154705703662898, 0.16474889373757909, -0.069163289844274972, 0.056424008848920446, -0.036384188250976342, -0.0019389588333754127, -0.24650751968465889, 0.013552881324380327, 0.065237706229684028, -0.062342173123691412, -0.0077213431755528191, 0.05458538676411704, 0.26216399382379091, -0.14275176731350644, -0.16993963083117514, -0.19327022700012267, -0.024587068026654574, -0.061254338114001286, -0.13795378786679352, -0.17067037162249374, 0.049352106998165279, -0.087231434469755384, -0.12038891513484118, 0.12770606609070537, 0.037852328326737315, 0.011238347478993872, -0.082962513596963161, -0.0094069929448641256, 0.013423387193585296, -0.094661440320459728, -0.18413682901887438, 0.0096281513290003319, -0.043137887766225264, 0.047840675752610126, -0.012304062613296222, 0.07796674671606596, -0.23210106969123134, -0.052118818612714848, -0.12915123206148199, 0.10916683820948443]\\ \hline5 & [-1.107 -1.266 -0.866 -0.127  1.638] & [ 0.122] & [0.16683619163947502, 0.064789068377889614, 0.11564060168076876, 0.13529729701816867, -0.079350200230734663, -0.0021096155115234187, 0.079627122190465166, 0.047830509443015382, -0.07878676878982567, -0.020835396988670218, 0.084362433052299068, 0.21585265157214167, -0.074668840290214131, 0.062242021737668983, -0.064484900429794864, -0.065224473439178046, -0.25917838933781645, 0.012823586240680585, 0.070430771560057642, -0.18932766487066333, -0.08102850074928139, 0.023558179981635823, 0.1992412254153782, -0.15128502740959957, -0.095126939319484211, -0.22894309894548986, -0.11285276082919693, -0.066130318555049722, -0.15992888575549216, -0.17983265710357155, 0.10062986386324746, -0.094175249086240545, -0.1301860146618726, 0.12982562738553502, -0.038371063118378824, -0.039979087445900861, -0.036616968426034388, -0.11444000069173303, -0.047716434718745773, -0.083502133700974729, -0.143262711427324, 0.050725333017474596, -0.046571758794670494, 0.073063277288832634, 0.013950054431146048, 0.083959990165659942, -0.23677873019694159, -0.051117159943896297, -0.14409767452966138, 0.14318350629309368]\\ \hline6 & [-1.139 -1.257 -0.867 -0.126  1.635] & [ 0.122] & [0.16645163314118117, 0.064639729157206005, 0.11537404934768591, 0.14022667057489763, -0.07916729750716979, -0.021885095816470572, 0.079443581159996168, 0.096345433014184551, -0.15157001196020159, -0.017369562577031743, 0.065873340817358669, 0.24002474927430847, -0.016822622754599947, 0.059819109256765202, -0.068116597732766682, -0.066499849871688763, -0.22624988576828206, 0.028652992178714587, 0.024314383339672115, -0.25627513058088874, -0.083954721327926585, 0.10229081328450287, 0.26356262894282761, -0.15858469000175357, -0.10697437686032876, -0.22139215858001107, -0.13126593646284396, -0.031862430634389385, -0.19705882155918519, -0.14368973086162312, 0.13016454414774187, -0.062433004523189797, -0.18616032631312374, 0.16270024177327427, -0.028740808335335061, -0.055798212594157237, -0.019329545829028717, -0.17124392371025546, -0.006090567686876003, -0.16127563941314388, -0.16924361477073271, 0.053092933900739533, -0.097416064230033211, 0.06444788491969447, 0.013917899465664985, -0.025538532660328805, -0.22589648005497226, 0.0069708778003855889, -0.12890475765640111, 0.17912607779849404]\\ \hline7 & [-1.238 -1.253 -0.872 -0.121  1.643] & [ 0.123] & [0.15805313448844993, -0.055104434227672042, 0.11573098829555928, 0.14992560027536861, -0.0794122216650541, 0.045382946008045752, 0.064462340997523751, 0.096643502100663886, -0.20579195907584175, -0.02424516648884268, 0.064564196338249488, 0.21725394073834875, -0.038564158773727403, 0.060004174876300539, -0.06142740022484592, -0.11495945663033535, -0.27184978685177391, 0.098384113411464552, 0.024553234453667881, -0.27530779954010881, -0.087022964365134084, 0.019207576099262439, 0.18296630126690044, -0.12274287635338529, -0.22068871554042779, -0.25100863866321971, -0.1734629499954474, -0.038000600466444205, -0.19766847311284205, -0.18023449286160872, 0.17728918089037632, -0.11877000735629732, -0.18828771394624139, 0.1632035963269684, 0.011982972945596072, -0.055989606995242823, -0.019389346692308573, -0.2217106209061927, -0.024856197797521472, -0.19052863640482806, -0.1943622963561899, 0.037354209467659896, -0.1575522117618347, 0.14531800814783549, 0.0048330443731176252, 0.044260779518654002, -0.19870153264891388, 0.03025840388156837, -0.17793942555785328, 0.17369166936035627]\\ \hline8 & [-1.314 -1.253 -0.87  -0.119  1.649] & [ 0.123] & [0.15874836033572998, -0.08019462890583709, 0.11624005238122101, 0.13650015730343348, -0.088345571985237209, 0.039109676983448541, 0.064745890487274194, 0.097068606359744264, -0.2158331731573401, 0.015285112138666523, 0.064848193857491937, 0.21820957224488988, 0.0063888124083633273, 0.081725961125367785, -0.068999979932609715, -0.1087116156727906, -0.27304556825154574, 0.077357830825219284, 0.024661236381511738, -0.26914303602355116, -0.050915271748826041, -0.02737190081538492, 0.13829740156727272, -0.11536201906440333, -0.21123755765983931, -0.25632645879245797, -0.13517101575240523, -0.038167753112558697, -0.1500488435464776, -0.1119419238284064, 0.16222856252886547, -0.055395599796072913, -0.24687646009086586, 0.097694514851342687, 0.0059397505849094314, -0.092306968784282503, -0.1135521352355309, -0.22268585594198859, -0.015653144103081794, -0.2206419960489075, -0.27120299750847965, 0.063599558945339627, -0.19061267999499615, 0.18252615521371413, -9.0891598980905044e-05, -0.0066247113727214372, -0.21788937321724497, 0.044425160079257411, -0.20303045636464817, 0.20256870384153194]\\ \hline9 & [-1.358 -1.249 -0.868 -0.117  1.648] & [ 0.123] & [0.15881644496377806, 0.002054090189843206, 0.09322031589850055, 0.1517860059097739, 0.014153282816091708, 0.060695429743702102, 0.012319498244492074, 0.14087301664157226, -0.29897977949631394, 0.042731018776939425, 0.057435341647102719, 0.12373677365888144, 0.00054608770967044004, 0.081761012080560816, -0.0061527230490761361, -0.13102632083049057, -0.27347558120490212, 0.14194377729183424, 0.024041333521221404, -0.21662469620539038, -0.06728496598026408, -0.080082059492239094, 0.13835671510680039, -0.14966065262901901, -0.18401303749050602, -0.25608953140096619, -0.19954318648743924, -0.038184122650288761, -0.24063205653760128, -0.1529567550796124, 0.16229813975986931, -0.082771546262674245, -0.24732126741571064, 0.097736414463357124, 0.005942298048759875, -0.084549177458499977, -0.098340554139635966, -0.22278136233740153, -0.013062838375779106, -0.34473300017079195, -0.22422939184966931, 0.029056956683398871, -0.23652250582867893, 0.16071369927737575, 0.14817865374802969, -0.008331076676549809, -0.18878852073340527, -0.021087709039095216, -0.15686260081067444, 0.093302388956618895]\\ \hline10 & [-1.382 -1.249 -0.867 -0.117  1.649] & [ 0.123] & [0.15898325979746894, 0.031064125902254762, 0.09331823101992745, 0.15194543623412232, -0.01767841985845674, -0.034406063640870579, -0.020413398098564878, 0.20847262124099145, -0.35728171764000272, 0.1440145392366145, 0.073207092132530904, 0.038594872002083294, 0.00054666129970697608, 0.081846890779304682, 0.045914515791501152, -0.13116394596070582, -0.2473103417767481, 0.19502327296728089, -0.025456468214385557, -0.26669600981639069, -0.12831433233156642, -0.048172362061453325, 0.13124699616835372, -0.14981785056204205, -0.2279280372693871, -0.2563585182341645, -0.254064725778814, -0.05043680015072656, -0.25984613357080405, -0.16034424667703945, 0.17040660350366593, -0.082858486388599453, -0.22369219186431438, 0.097839073125235404, -0.01695770080265302, -0.063476657138364423, -0.11683619947271717, -0.29425327417889047, 0.023005198180937204, -0.36502221375724586, -0.26923186924359382, 0.088630333699814393, -0.21884118741192066, 0.10563237968124746, 0.20193893510369768, 0.042682591390795367, -0.2226819080608598, 0.07665829682869385, -0.12792600533318377, 0.10252935603348294]\\ \hline11 & [-1.411 -1.246 -0.866 -0.116  1.649] & [ 0.123] & [0.15903482349781733, 0.012789856060605986, 0.088290081174404178, 0.11867965466353267, -0.10811447393176747, 0.0014800661553855676, -0.02042001886067522, 0.14807366828522489, -0.40678252282961652, 0.13416681567286651, 0.073230835692493806, 0.10491768967476026, 0.0037749001450011711, 0.081873436521013393, 0.032168489452945197, -0.13263062135520523, -0.23203410151292836, 0.19443296683018568, -0.025464724616352703, -0.27547771937450533, -0.14378220307521278, 0.029560014860878732, 0.19628082558591001, -0.20071912139860135, -0.2690531160110658, -0.23278458025485968, -0.23754488231515497, -0.071532270750486737, -0.24935833502667193, -0.27412248573065334, 0.2138550136110616, -0.14664266918843621, -0.2025207182043883, 0.039071400027610781, -0.039873128462002527, -0.069630606635149833, -0.12362282652565346, -0.24571779569199367, 0.066815178147069082, -0.41384324890054991, -0.27204469678899523, 0.20639987154664979, -0.1677499461706361, 0.085974433097499248, 0.23290714139669483, 0.074135743153152786, -0.2834750057571892, 0.034169461393105081, -0.15979701845131009, 0.052799781452550529]\\ \hline12 & [-1.414 -1.247 -0.867 -0.116  1.65 ] & [ 0.123] & [0.16306574459513604, -0.013163245336960741, 0.10820905058275183, 0.11872826045415645, -0.10815875270472333, 0.02660851562456442, 0.0043010224844495012, 0.08645037342740064, -0.3791905447956615, 0.13235283924968799, 0.095849493628533192, 0.058632730713275107, -0.028212786057780041, 0.093433731012219551, 0.0085057956114933993, -0.061850231066997476, -0.23212913213117276, 0.194512597733249, -0.05007227301015181, -0.1776974453395323, -0.12706249524007299, 0.031056786287028522, 0.19636121328790437, -0.2276944250132206, -0.21249576035478751, -0.23005751747582609, -0.23940174757786559, -0.071561567116277452, -0.2144362813152112, -0.2363181283923074, 0.30864536546234983, -0.071551263179334551, -0.28557372492125621, 0.039087401896629556, -0.08801007702543405, -0.02710471429431726, -0.085660008022710551, -0.28054514696015614, 0.15938840799344822, -0.34145049104994885, -0.3606835760202185, 0.206484403549794, -0.19661582737584965, 0.093562403968969948, 0.25437634154153121, 0.029811707722062052, -0.29955352700807458, 0.016851890098232923, -0.1468166187182639, 0.055598990828744269]\\ \hline13 & [-1.422 -1.247 -0.867 -0.116  1.652] & [ 0.123] & [0.16315917918668393, 0.00060344235311893604, 0.12264768667197293, 0.11879629023287097, -0.052089177839011111, -0.041605110132420242, 0.0043034869154682295, 0.0864999083885932, -0.42172633274766946, 0.2234436534614086, 0.13096703282665328, 0.035571820762954127, -0.045849739440138093, 0.058481051756049715, 0.046476346523475279, -0.11328205915901839, -0.20424196597828209, 0.13610101058563634, 0.047386779710517621, -0.24170150536956911, -0.088815426787828278, 0.031074581429403291, 0.21054063294977193, -0.22782489101422937, -0.1932720113318874, -0.29811681887562935, -0.19439795371032539, -0.11323768074861251, -0.2736045348255296, -0.24098092282813782, 0.25551118840899123, -0.071592261140411534, -0.31609618582765969, 0.054913925807331579, -0.04441419403408646, -0.046843525965043945, -0.095402026602795315, -0.35184451920578258, 0.15277319384013407, -0.40397195931293728, -0.42246557856747807, 0.24321572354185594, -0.22467210740557703, 0.099526284183303976, 0.24033698225626474, 0.089537072880328861, -0.24981008197352139, 0.050826232619856596, -0.050271841856136625, 0.094437320604554426]\\ \hline14 & [-1.431 -1.248 -0.867 -0.116  1.653] & [ 0.124] & [0.16327416816899162, 0.04343691309299258, 0.056394290716414795, 0.14620452825409408, 0.044987901163552849, -0.046331280730269583, 0.032409608096508599, 0.10413620237811567, -0.37833524911929667, 0.22033049229162521, 0.13105933389053254, 0.035596890559754728, -0.045882052760807972, 0.067981909069451202, 0.047955562145214389, -0.11790773799295277, -0.26403705606188799, 0.19600186895444546, 0.032047453197313683, -0.24187184828415856, -0.11603515571480086, 0.048657362767757471, 0.21711920377339317, -0.30681231982668905, -0.21315139283778825, -0.32947148735727294, -0.19011029644859861, -0.11331748677444002, -0.17254055527401208, -0.19484760677752039, 0.20161244617902555, -0.077813333335185489, -0.3381499007506813, 0.071079870601878301, -0.071802629287001568, -0.084501750175668688, -0.075864431334210142, -0.35404535527052106, 0.1515794463583148, -0.38610798739274926, -0.36204697156886595, 0.24338713362537509, -0.28395505467577908, 0.12956805579521685, 0.21148605986985469, 0.015280318349524657, -0.26354553417843013, -0.0045560045444080878, -0.041233504623328691, 0.12370280379483525]\\ \hline15 & [-1.438 -1.247 -0.866 -0.116  1.652] & [ 0.124] & [0.15191126427855361, 0.0801643556616706, 0.056394489079837753, 0.17712919092216378, 0.044988059405707381, -0.079471252279470356, 0.03240972209529671, 0.11105338527469963, -0.42414732013678363, 0.18055945860468658, 0.10654668870167634, 0.043708745894957365, 0.027453968508043436, 0.051281857272002317, 0.048420472117878761, -0.10998406236457636, -0.26403798479587087, 0.19386056690415826, 0.032047565922244385, -0.29243211876482589, -0.10159966134833376, 0.048657533917015813, 0.19514266212243134, -0.28920271363311356, -0.3182495032157448, -0.35096178742239426, -0.21816807072849373, -0.13362807820551831, -0.17254116217472321, -0.14465680271427303, 0.14616999172171022, -0.077813607038763569, -0.41051542929354534, 0.071080120620918466, -0.05759193021979854, -0.19384802501500797, -0.075864698182646212, -0.31162118233729941, 0.14195215848559045, -0.30894062698251473, -0.35416969924405128, 0.23025638483829555, -0.31012748005308866, 0.11552231129711413, 0.14833212936501575, 0.036109615180753118, -0.2938878787489137, 0.0070485819848011165, -0.019804136222077651, 0.16563440531163148]\\ \hline16 & [-1.446 -1.247 -0.866 -0.116  1.653] & [ 0.124] & [0.10702668515205853, 0.053026173409178867, 0.10045717782088312, 0.051536306384962961, -0.016853070291128806, -0.11935567609087724, 0.012823455803227708, 0.11108354889301959, -0.37017327586241383, 0.12131810063879481, 0.044714589049890029, 0.039918681824136965, 0.15775342367060136, 0.041733146944852355, 0.04703601725556452, -0.11001393554016881, -0.24825040681416252, 0.11303089536717889, -0.020142457711153118, -0.34116668942255568, -0.038985996128543483, 0.015727746660185258, 0.20641470196712311, -0.28487002206988321, -0.40622034453613531, -0.30889745735014207, -0.27243822096854381, -0.064838239230945685, -0.1637873072506828, -0.13846380880857181, 0.12953875939820142, -0.016531243322255494, -0.4441679422445895, 0.11589425669095496, -0.086366203344722559, -0.19784986567911783, -0.07185449931002473, -0.28328216262145234, 0.14541640576013559, -0.29366016093414116, -0.44821139016734246, 0.27828855115016266, -0.30188153833834169, 0.083110544905559108, 0.18167642356969102, 0.03686527871213293, -0.31130210330597691, 0.032227408835459229, -0.04980758971162301, 0.12725848429139988]\\ \hline17 & [-1.447 -1.247 -0.866 -0.116  1.653] & [ 0.124] & [0.10703721057621154, 0.022030849269940964, 0.12164637164164183, 0.051541374667543237, -0.0077697463633567138, -0.13280200830955818, 0.012824716912186141, 0.17560776957670976, -0.35587865798372942, 0.15892594902184926, 0.083718875739556706, 0.04122649057340487, 0.1577689377612542, 0.094950961490975594, 0.072893685681840653, -0.11113071674958799, -0.2041729218151862, 0.12661809994397927, -0.016802964424942043, -0.39620705868887429, -0.046317092304245314, 0.024896193056705769, 0.30309720112701949, -0.28929144651170435, -0.40161095893775284, -0.31670800269764127, -0.23522016152163028, -0.099660445228567429, -0.21465748178844421, -0.11049747078675412, 0.12955149874806526, -0.046965667814783396, -0.37912582774178444, 0.088961367396179922, -0.08795165532575959, -0.10685933417946276, -0.094238971166447777, -0.30426679790594541, 0.19447482012208264, -0.30465102593199461, -0.45171026337216269, 0.27831591913818932, -0.32930464444874863, 0.045346939776935137, 0.17618889135582186, 0.036868904188287886, -0.32022669860180331, -0.066875070584937607, -0.039414456680835028, 0.13022104117372349]\\ \hline18 & [-1.45  -1.247 -0.866 -0.116  1.653] & [ 0.124] & [0.11009508174582394, -0.021758931887775911, 0.10683981478374058, 0.034443585457510605, 0.015543180896023901, -0.19317195283207855, 0.008012558591969865, 0.1858142462443528, -0.30069761178146392, 0.082610250274582547, 0.072128690670896181, 0.064876197116684048, 0.15554591655301414, 0.058626323244237423, 0.047203810187376113, -0.12992310731401097, -0.23744202545135812, 0.050864658741623478, -0.024771850024384527, -0.35890945392250839, -0.041961961854924394, 0.06946985120451861, 0.21749654836402016, -0.27061527352764581, -0.39261875018233133, -0.37874242744984127, -0.20577268160127077, -0.10733284619684672, -0.24950906819026281, -0.1177314731479409, 0.052258648051556798, -0.052708079341387881, -0.36532107816863341, 0.060455574569696136, -0.097105350906447299, -0.033166478892906713, -0.080034789006641904, -0.20609990723598587, 0.22902048910714448, -0.2465437550501523, -0.50482135360935598, 0.27835640416616819, -0.35462905440154746, 0.06794093288069189, 0.14584865615183035, 0.071825730528478765, -0.32137466715400947, -0.082020902475415089, -0.039420190076849305, 0.2084544846720541]\\ \hline19 & [-1.451 -1.247 -0.866 -0.115  1.653] & [ 0.124] & [0.10405915693549417, -0.003226939652376107, 0.10683757857328688, 0.079652433924876906, 0.034882468470048125, -0.16336075472873718, 0.03441889995828018, 0.16119399049362226, -0.25655673581949168, -0.031508247394780822, 0.072127180981531633, 0.057865629302442559, 0.19965179570126373, 0.049975872798743923, 0.047202822188154962, -0.079693798936194785, -0.23743705567168813, 0.13304460182604277, -0.032681687164023934, -0.42077573650809547, -0.044284852187503131, -0.0069402172067899127, 0.12859483558492366, -0.24331723943223599, -0.29434484519213816, -0.27903053675232614, -0.14593642427127179, -0.10733059966700036, -0.17581478344683116, -0.10051601715972062, 0.026681624723338838, -0.079105818407096296, -0.34377911245503401, 0.068319562725372443, -0.12146063633144624, -0.057952069592394351, -0.060709140255219875, -0.20189171736937958, 0.22901569559441809, -0.2615948991537505, -0.42582724652002063, 0.26602112110990567, -0.35548313530000675, 0.12204518636851272, 0.23769149217330879, 0.071824227180220662, -0.45718431454781072, -0.095401474256714747, -0.029019551267549772, 0.23067397468244968]\\ \hline20 & [-1.451 -1.247 -0.866 -0.115  1.653] & [ 0.124] & [0.083981627411432808, 0.01707757897523688, 0.10684009354637021, 0.089854093607874802, -0.010324229484795017, -0.062215637743289996, 0.034419710184495612, 0.17932227166760217, -0.19340796946938088, -0.013279222270176388, 0.027005289982143889, -0.088848274541788924, 0.18594119868010434, 0.017640376134737186, -0.035883463770582165, -0.051477327342044112, -0.22412570379493149, 0.15820080889842242, -0.05326995309238429, -0.44669985426777936, -0.012367161771569452, 0.084452474343097619, 0.12537329170119332, -0.22917942832674548, -0.22751231027119431, -0.22284891847279495, -0.23365205576197803, -0.11651159979870249, -0.19079317710675969, -0.12656435046919456, 0.026682252812901475, -0.11964543644829842, -0.28336456843106944, 0.06832117097841986, -0.13028488686855175, -0.061587696471883245, -0.060710569357748156, -0.18552149525537584, 0.22902108665922666, -0.21721033150763108, -0.4171801710180813, 0.26641465914383178, -0.40340484513945041, 0.19270908125524608, 0.19947783565221752, 0.06856325153975143, -0.45362284097136535, -0.13365772948616211, -0.02902023439226396, 0.17796555839639744]\\ \hline21 & [-1.452 -1.247 -0.866 -0.115  1.653] & [ 0.124] & [0.083984267396909701, 0.056418194213859442, 0.12367413241934896, 0.083921844452230429, -0.010324554029778724, -0.048985820428297369, 0.034420792177519637, 0.13326536469846165, -0.13110680923289092, -0.012090464280087754, 0.10588054782149559, -0.08885106751165231, 0.18594704379265101, 0.088556368379197198, 0.0091845237059051572, -0.087065276611152737, -0.17932192537764235, 0.14246802448816503, 0.01569143607700697, -0.55763477338327772, 0.059327642879643358, 0.1042641973008569, 0.072674801354427263, -0.28816044602390073, -0.19966408855759354, -0.24121269132165252, -0.17798596862584298, -0.052364221256971155, -0.19079917474257815, -0.12200129028976656, -0.0003012136855949449, -0.14810372691021501, -0.36381544593600401, 0.068323318673156275, -0.067544411819964886, -0.058477226067683186, -0.09447575471342004, -0.063941245600712765, 0.23676804777391033, -0.28107582907515211, -0.37934442081122549, 0.24355886431884016, -0.44115682095293279, 0.10381388919099047, 0.1288682767063774, 0.077582600899149604, -0.37677454142536532, -0.21843807612618699, -0.01398072045665184, 0.19579892320157452]\\ \hline22 & [-1.452 -1.247 -0.866 -0.115  1.653] & [ 0.124] & [0.15146792565527559, 0.039578900589945905, 0.12367660895856472, 0.060495857148027021, 0.00020891582171658207, -0.048986801355375108, 0.058458997737856712, 0.14972034769620968, -0.080023347703451694, -0.071409289718799923, 0.10588266804925654, -0.059485262404536297, 0.1859507673291497, 0.088558141695207634, -0.020153872581055578, -0.10167488143464029, -0.17475708370808213, 0.17724410256971851, -0.060411265658770627, -0.58307661564687174, 0.076329669781504128, 0.066917116206237012, 0.097489201077168144, -0.2959469331586474, -0.19103593814033809, -0.23199601039647164, -0.14350191158315986, -0.064555915987007745, -0.19080299544161472, -0.09521298500336306, 0.045009672275080924, -0.23958654367153237, -0.32185651558025452, 0.044913982167127262, -0.056561418868646449, -0.04230786079187919, -0.094477646563452936, -0.10824145342625199, 0.20076204940137807, -0.25311702190625718, -0.38268810142262843, 0.24139197368910542, -0.33203158331715565, 0.11993110076180287, 0.2091919736130548, 0.10183081053216214, -0.4504502832450088, -0.27256433495244858, 0.01411471708333265, 0.16090905855564569]\\ \hline23 & [-1.453 -1.247 -0.866 -0.115  1.653] & [ 0.124] & [0.088747522031746184, 0.04238566799461288, 0.12367714459816252, -0.0012608114714638997, 0.030307302831047732, -0.048987013515708396, 0.0732647843372293, 0.17360340820355022, -0.06520480699570208, -0.0394389333206, 0.13838028356396306, -0.048538768100429716, 0.16596076861929787, 0.046094207425702367, -0.02588246856923964, -0.12517533536976039, -0.17702265989132099, 0.1772448702084872, -0.10229398338828839, -0.59855362704030468, 0.07633000036296142, 0.096792961650574952, 0.14459811483426546, -0.3399027807796175, -0.17552699260347815, -0.27496711802986901, -0.13802691551287039, -0.012439109181562606, -0.19403601695565867, -0.09064839294305492, -0.0061212485534216845, -0.20654543471762743, -0.35823259500496768, 0.063098874527752022, -0.090345682571104119, 0.014433881963161818, -0.066235317290763582, -0.11953830647081362, 0.2007629188956527, -0.24845345351497569, -0.37396159046262473, 0.27803759003090994, -0.32000294580388366, 0.10469911468431078, 0.13892443290961165, 0.13486470014273597, -0.28331442744117197, -0.28297601829933161, 0.01411477821373917, 0.18290446281621861]\\ \hline24 & [-1.453 -1.247 -0.866 -0.115  1.653] & [ 0.124] & [0.088749791520851648, 0.042386751898811449, 0.12368030732232471, -0.0012608437134672035, 0.055853661270217014, 0.014925365215509006, 0.10716298934377844, 0.17385121457049912, -0.12897769959363403, -0.011702017994582902, 0.11498129048141392, -0.0588296890809787, 0.16596501263814703, 0.059613464895190524, -0.041448488647381626, -0.14408028324949512, -0.17295985659752924, 0.11779664063874096, -0.10229659929322346, -0.53742544907552037, 0.043325025427377407, 0.086162644170478447, 0.28008523082002268, -0.33311838807749333, -0.19570863027552701, -0.25496098323311067, -0.12369113568752439, 0.017296308083698548, -0.24594080408036575, -0.16281547444371267, 0.013737506841826156, -0.20640365149677936, -0.33577465093245723, 0.063100488118813844, -0.096551717099887996, -0.012759142790754827, -0.13371721008490178, -0.084071966777275867, 0.20076805288978333, -0.21227916127048499, -0.41547401848630239, 0.29827452853142894, -0.44226176411156076, 0.010512765808611347, 0.10687680553041898, 0.11694694425640555, -0.35716153267038908, -0.20227167447281408, 0.013333231901391485, 0.20327063117487451]\\ \hline25 & [-1.453 -1.247 -0.866 -0.115  1.653] & [ 0.124] & [0.096612873092156465, 0.097495107723393537, 0.16334855789893804, -0.0012608411442417834, 0.066823445346234661, 0.049276302514033379, 0.10716277097739935, 0.15177027928930728, -0.12897743677534743, -0.062424820225144874, 0.091192079489290492, 0.00014816154933288138, 0.096771060939650683, 0.050327273614096737, -0.096701104180863182, -0.15886797038357028, -0.17295950415665534, 0.12258199709986303, -0.10106703873907755, -0.51292129471896286, 0.076895961674825347, -0.0053834518454596754, 0.24134523192799479, -0.40840070867407474, -0.24014247511562226, -0.23767614588836622, -0.12369088364168661, -0.072277721410754545, -0.24601108557126627, -0.19120131372151267, 0.045434141109179794, -0.16696933327125268, -0.41848811614500159, 0.086413769632810083, -0.097270407424660449, -0.01275911679140721, -0.18360635948612969, -0.10849108786466052, 0.22592413678649592, -0.19460448120343371, -0.38417806767477936, 0.3260071398513783, -0.35251121753481118, 0.054320464795555787, 0.1564743873079017, 0.024415370795823114, -0.36932536644494102, -0.2295724714221703, 0.0017758858325810701, 0.22109101305357576]\\ \hline26 & [-1.453 -1.247 -0.866 -0.115  1.653] & [ 0.124] & [0.1256598849327471, 0.10175133599981261, 0.14940826403133162, -0.001260844039500552, 0.10102720252523172, 0.062349177462383401, 0.10716301705435657, 0.16000059489129678, -0.24397063632331667, -0.034197284408783432, 0.092559315897420377, 0.067667147967847383, 0.058369507835651126, 0.019659173678199644, -0.10031349383839012, -0.12794673666174469, -0.11069935696427331, 0.076846565606888795, -0.15231254137429986, -0.49697395586563164, 0.076896138250366439, -0.061242712821596754, 0.17509445739516719, -0.40522080092238399, -0.26658141268852581, -0.25393247314130291, -0.12369116767200805, -0.072277887381469924, -0.26965715930551426, -0.23342405337431474, 0.12732081610889981, -0.15253480147617002, -0.51145662640241418, 0.087576532973962756, -0.097270630785867618, -0.017754134662532454, -0.23845458030541883, -0.11025882158168299, 0.2259246555741648, -0.18528068732906769, -0.42014224027169628, 0.24340340555612205, -0.24625735354142467, 0.059246199862762784, 0.17306380539357341, -4.8599325231135636e-05, -0.34592720621368755, -0.28851113914471249, -0.063127594835281534, 0.24400466537028098]\\ \hline27 & [-1.453 -1.247 -0.866 -0.115  1.653] & [ 0.124] & [0.1256599555632954, 0.10175139319191218, 0.096517654758063842, 0.0028846070129919239, 0.10102725931031245, 0.11266425329846874, 0.10716307728823835, 0.15245032243826837, -0.23577012296298369, -0.010971207413887029, 0.080805246689817159, 0.026255389427023081, 0.10706490097427998, 0.0078559501661854981, -0.080848386855129101, -0.073866244742302883, -0.12683924928885415, 0.096674979344655146, -0.067991481141998336, -0.49040625654943798, 0.070732574794318187, -0.065924554221209436, 0.16996766600193086, -0.31844336478540919, -0.2580537225681222, -0.32292359753050942, -0.1244186673920205, -0.064547278884624817, -0.29725085473325602, -0.23572707456785472, 0.12732088767301955, -0.063523584745894618, -0.57480986175898807, 0.08757658219872963, -0.13353251314611753, -0.042438867354897158, -0.15343502095280734, -0.15701656791442495, 0.26629039780105068, -0.26116005833565858, -0.49243000441446644, 0.27068002692945531, -0.25814580780691376, 0.047258366810256032, 0.18157373259515158, -0.033510162181190309, -0.36471969502312612, -0.30651709680227535, -0.13139380368511872, 0.23690323361902296]\\ \hline28 & [-1.453 -1.247 -0.866 -0.115  1.653] & [ 0.124] & [0.072317607105500795, 0.14850161255594302, 0.089155695151180811, 0.0028846156849770522, 0.10102756302824918, 0.087326898031902606, 0.10716339945226568, 0.16581204305785918, -0.20820679554060231, 0.00058432127811950394, 0.080805489614379986, 0.13770413617184143, 0.18426827877261753, 0.029829903911298167, -0.043911160741626293, -0.084082157917016509, -0.14546570373029927, 0.10820029163455717, -0.020686082311648552, -0.36880298062065953, 0.12307344360558634, -0.1155020680881389, 0.1699681769751987, -0.20736273566587088, -0.2111640035307128, -0.29774816220874334, -0.15994421729284461, -0.098116831165311558, -0.30987881037542941, -0.24023607634173424, 0.16930234583162934, -0.06352377571665066, -0.52112275819401011, 0.10492543232214006, -0.068996619329697112, -0.15751957701223235, -0.082554288264639009, -0.11885347360085718, 0.24016254020770419, -0.27595836671243246, -0.59467664184060987, 0.21060940940283598, -0.20120770308522462, 0.047258508882937797, 0.18157427845970148, -0.020960142417672946, -0.4632694490592244, -0.24290677647317191, -0.1255313937300066, 0.23260291690048956]\\ \hline29 & [-1.453 -1.247 -0.866 -0.115  1.653] & [ 0.124] & [0.074259802968195149, 0.10209253587112668, 0.099865571798258709, 0.0090159341765835774, 0.10102756302824918, 0.030882625377716799, 0.12125918322627127, 0.1340130132144739, -0.22834695073640718, 0.072868429813076369, 0.080805489614379986, 0.15909398945075651, 0.17315742378030979, -0.062650937210019048, 0.027756148062847631, -0.038293084119536372, -0.067801261276928163, 0.0080609033940844503, -0.064609151036950099, -0.4010901526484596, 0.048973179551337509, -0.1155020680881389, 0.21859167194572837, -0.18341701414911399, -0.26680341913838446, -0.34367095718671725, -0.17587961216363421, -0.12658101734717103, -0.23243508584876021, -0.28675888692347018, 0.16930234583162934, -0.10510957766381368, -0.59200761854577943, 0.089925773023376648, -0.067605604384055024, -0.14492068604206609, -0.082554288264639009, -0.082505744925014238, 0.22644940482224216, -0.22315384219647499, -0.59540812423308231, 0.22754004690360316, -0.25305927382920673, 0.14005847745465411, 0.18157427845970148, -0.07444015870112522, -0.52415745961772509, -0.20103071628189845, -0.17345945859136297, 0.26771347444963428]\\ \hline30 & [-1.453 -1.247 -0.866 -0.115  1.653] & [ 0.124] & [0.074259802968195149, 0.04545181389894818, 0.099865571798258709, 0.0090159341765835774, 0.0417813697413838, 0.025279326129880986, 0.12125918322627127, 0.15694049062847282, -0.18980507579447717, 0.00085206504152802727, 0.11772356789664214, 0.15909398945075651, 0.16280690490769742, 0.0030060944791084876, 0.056142324249889929, 0.022468525433853193, 0.0011306439234445131, 0.00090491840819708627, -0.069410716617509707, -0.35352977736278418, 0.069879648638691089, -0.13811103059649635, 0.25746222405482455, -0.17023229804464182, -0.29044334553246681, -0.31526447538522573, -0.10341585284484789, -0.12658101734717103, -0.23473712240742892, -0.32827339093380142, 0.16930234583162934, -0.10510957766381368, -0.58668202786179946, 0.089925773023376648, -0.059414967874505273, -0.14492068604206609, -0.085977043986233459, -0.075977581885121909, 0.20250916951830966, -0.16169486117296206, -0.60983579848620173, 0.27112293299781803, -0.32381001500228435, 0.14005847745465411, 0.17801083913198981, -0.034315901120693215, -0.49535048560299461, -0.23039020795859028, -0.17345945859136297, 0.33557385986242771]\\ \hline31 & [-1.453 -1.247 -0.866 -0.115  1.653] & [ 0.124] & [0.085059952836288671, 0.04545181389894818, 0.14475455648098226, 0.062372939386331851, 0.062522672720104061, 0.025279326129880986, 0.086209834395171575, 0.13848829546772617, -0.23537982168489985, -0.01083785035527916, 0.10977381340414387, 0.20972714081460514, 0.16280690490769742, -0.037910507732229308, 0.12591559814834824, -0.00042843826606215886, 0.0037825796157373083, -0.063341219686888481, -0.063608084367925893, -0.31835810791269159, 0.092179318265392302, -0.13811103059649635, 0.18678482122457915, -0.17023229804464182, -0.29044334553246681, -0.3085418263689893, -0.10250452254237004, -0.14324356256203991, -0.1972339919618647, -0.40719179551654483, 0.20434637549756718, -0.074493788101635011, -0.59440840061578881, 0.014547272765652198, -0.10946887039281347, -0.12969558760854311, -0.069907003072892993, -0.032352965703830519, 0.1455831019383842, -0.004083516296486356, -0.56271760147487637, 0.27489293403002929, -0.32381001500228435, 0.17900770311944808, 0.17801083913198981, -0.066799973135302476, -0.41575041397026674, -0.18727350411061541, -0.15082219561552238, 0.40300817522812088]\\ \hline32 & [-1.453 -1.247 -0.866 -0.115  1.653] & [ 0.124] & [0.13135456320919481, 0.070695618189476034, 0.16401695086238272, 0.073491289669696147, 0.0062802192535325848, 0.032075795874352851, 0.055756130431117455, 0.11915770253293927, -0.19093325299680769, -0.096114569383615553, 0.10006552142703259, 0.12148690803176324, 0.12801681014763042, -0.037910507732229308, 0.20170589840957981, -0.12292006693465243, -0.062223817770969081, -0.094025534340136468, -0.05154154292027413, -0.34996204260368186, 0.070859670537423355, -0.083445889110289426, 0.20395480454018727, -0.17023229804464182, -0.36273776980917283, -0.38110646501193263, -0.13077420336447618, -0.14324356256203991, -0.1972339919618647, -0.47316089016420604, 0.20434637549756718, -0.071148322303917044, -0.53798273820114706, -0.010804966541134641, -0.084777371573545077, -0.13572821604361449, -0.069907003072892993, -0.024209335466224967, 0.16381095137226248, -0.045905236656678429, -0.54841983493900859, 0.27489293403002929, -0.39182401805452627, 0.16258640741319025, 0.17960835382007515, 0.0071050632289555108, -0.44480336190515485, -0.21705991881305775, -0.15753098257139744, 0.41916434392799468]\\ \hline33 & [-1.453 -1.247 -0.866 -0.115  1.653] & [ 0.124] & [0.13135471748582953, 0.055956840029725674, 0.16401714350116589, 0.12136135015383678, 0.0062802266296835716, -0.00037558860618072123, 0.11212810752010434, 0.12929051889957766, -0.19572084968986966, -0.11643060694618819, 0.10476387441407387, 0.18494065511067684, 0.12580013762858269, -0.037910552258322738, 0.15751670872704712, -0.090810167034704098, -0.052888994399838352, -0.12600728270877282, -0.11986429736452105, -0.3404995870279125, 0.070859753762484129, -0.094678014551721743, 0.2894414738115752, -0.18521085199725368, -0.44775809149070256, -0.36866700404842734, -0.15201102564161048, -0.1154777470552959, -0.2473228903049188, -0.48416140081973091, 0.2332568754232387, -0.030062913094572208, -0.57452382090047827, -0.021307393406075615, -0.090837699366053848, -0.16931909421846564, 0.022123359228177375, -0.037045800982705476, 0.18030940189961542, -0.023798679816414363, -0.61135544694315658, 0.19241143502006847, -0.43103443408542902, 0.19736686751220045, 0.24477466625715194, -0.017194190109894647, -0.43482344393727745, -0.22884268071930461, -0.15868525967935426, 0.37599654059915577]\\ \hline34 & [-1.453 -1.247 -0.866 -0.115  1.653] & [ 0.124] & [0.13135471748582953, 0.055956840029725674, 0.16401714350116589, 0.10649430572190541, 0.038030430169000359, 0.028125298820003898, 0.11212810752010434, 0.091426460905447898, -0.16247471192537952, -0.082945264096923876, 0.098434236525796845, 0.14344249359157046, 0.12362185706456578, -0.03236158726969833, 0.14161418219088101, -0.090810167034704098, -0.035067370385308105, -0.077480550764158246, -0.11986429736452105, -0.3738591393733286, -0.0086116064834424414, -0.06237801413310632, 0.27627452501610794, -0.14239501259867893, -0.49264096442748251, -0.33640845810046632, -0.16754358960329935, -0.12980901229926331, -0.33167257670942574, -0.46701886235060136, 0.28376068559427164, -0.061805936630925387, -0.58213774121246087, -0.060731555505223488, -0.077504893173464748, -0.11234454156192326, 0.022123359228177375, -0.0062942622954414535, 0.18030940189961542, -0.033248407743792327, -0.65105206446903507, 0.17634279784842441, -0.41451577854816646, 0.13778171097792144, 0.25049492474672019, -0.1033719291265414, -0.50774097430272591, -0.23923579313631493, -0.15868525967935426, 0.33563891281155278]\\ \hline35 & [-1.453 -1.247 -0.866 -0.115  1.653] & [ 0.124] & [0.10487089212262482, 0.041708199230364694, 0.077463112231254572, 0.11854706651392506, 0.038030488342955603, 0.07878696309582002, 0.12344830395627668, 0.091426600757635229, -0.19043585004902111, -0.078610661380989516, 0.026608402365426255, 0.15407957604594871, 0.10615501720371852, -0.080781193111418167, 0.20011090478461102, -0.072302366737329107, -0.074342765604293551, 0.017998942620034243, -0.16383202927172394, -0.39858006923959088, -0.012525280652216114, -0.087348767263305344, 0.27627494762457649, -0.16418837045249393, -0.47429316700376239, -0.33970854965406044, -0.2487292152563382, -0.23722335337895339, -0.33848169120720256, -0.47711759218756927, 0.28376111965408501, -0.14273852853071642, -0.5649297729313848, 0.021711212970997307, -0.13256324750851847, -0.079034044435452394, 0.011539642705535846, 0.0036967654488071419, 0.18030967771324752, -0.14843152494575249, -0.64206963280480367, 0.16662290246276096, -0.41919779171863852, 0.19337054146542965, 0.27467647920840366, -0.11655727132945608, -0.52457042085786521, -0.17244981088680272, -0.19736109228620799, 0.35266119479010066]\\ \hline36 & [-1.453 -1.247 -0.866 -0.115  1.653] & [ 0.124] & [0.18055909813042423, 0.037590288711855969, 0.06216630271467747, 0.08378936725142877, 0.02282853585365633, 0.07878696309582002, 0.15708387030310392, 0.096653812022806332, -0.19505783391619602, -0.11750144563952107, -0.022475549507638866, 0.073119958720494857, 0.1185691026282446, -0.080781193111418167, 0.13540316819450865, -0.082972009002333008, -0.046328987401283071, -0.055782820597777096, -0.13473089836947039, -0.3730046614934327, -0.0081309217935447257, -0.11578202260767441, 0.27188995369293911, -0.16418837045249393, -0.44796042439195771, -0.33617811193598207, -0.25524652005468468, -0.29511210913687114, -0.41435755540010399, -0.42723319127437404, 0.26563305264059378, -0.17919976251258168, -0.61750702010327141, 0.021711212970997307, -0.074535865918749139, -0.11597707652164932, 0.011539642705535846, 0.086090304202478291, 0.15257206781970631, -0.088389671350208837, -0.66041591413049061, 0.22529663853517939, -0.35561356134379696, 0.14376067694594213, 0.2541818777412535, -0.13324893875418664, -0.47573899725919261, -0.19302997044129491, -0.24480964120811338, 0.33892959194373429]\\ \hline37 & [-1.453 -1.247 -0.866 -0.115  1.653] & [ 0.124] & [0.18055909813042423, -0.06317902609577862, 0.06216630271467747, 0.08378936725142877, 0.02282853585365633, 0.07878696309582002, 0.1787928858452075, 0.085705905900901991, -0.2409523223136702, -0.07565225567226766, -0.013784265848604749, 0.07759339501419793, 0.16754676070165436, -0.11657939511107196, 0.22519759374883633, -0.033125838857903107, -0.095139233506467857, 0.0046299844312347131, -0.10183520271064324, -0.4118378877559164, 0.01487287181031754, -0.091713635074058913, 0.27442080157779414, -0.19503997969954484, -0.43520683875087229, -0.38822402040071735, -0.21986306953760343, -0.28162225711420613, -0.29425768979319666, -0.39053038495250647, 0.22335678745402077, -0.12645011677166954, -0.594550442406381, -0.019271412474739992, -0.068888419975891513, -0.22153623560640684, -0.02420662387232389, 0.04817743253006785, 0.15257206781970631, -0.10814598874649808, -0.6210273416853499, 0.16626896246193473, -0.42996318725635685, 0.10410600164752844, 0.25284789434741922, -0.11089984087008697, -0.48041023028541707, -0.22234807104892468, -0.19477638346561116, 0.36536833162061411]\\ \hline38 & [-1.453 -1.247 -0.866 -0.115  1.653] & [ 0.124] & [0.1805592638076306, -0.026502202419057336, 0.062166359757160894, 0.16261479231362222, -0.0030222379969060019, 0.12315969555406973, 0.17879304990177483, 0.085705984542827018, -0.18369071688696315, -0.10731728348446987, 0.020932278528123009, 0.077593466212254686, 0.16754691443901532, -0.083997288938822079, 0.22519780038538134, -0.029505346265589743, -0.075549046892778637, 0.055318421904719972, -0.14978249441660568, -0.42927246825159776, 0.02856451852366667, -0.15244763203602096, 0.22763594664438774, -0.19463786608773218, -0.45197889067627067, -0.38903104581291476, -0.17404659100398084, -0.31164672487211309, -0.29425795979782393, -0.38288747455671868, 0.24356576188285972, -0.18835468957999962, -0.56975123476825984, -0.020016802703548831, -0.056391504144396219, -0.2550590604763926, -0.043597513980247041, 0.056620876992136936, 0.080297629211853863, -0.11243785825939707, -0.64422580489230874, 0.17618143091293098, -0.40918933107532601, 0.11285781091992764, 0.25284812635529474, -0.13461209062332855, -0.44709565944969337, -0.25214521091291547, -0.1653740032995655, 0.32956791225975657]\\ \hline39 & [-1.453 -1.247 -0.866 -0.115  1.653] & [ 0.124] & [0.11348493931272356, -0.026502202419057336, 0.099121473416076633, 0.12734172988605078, -0.043918294326595199, 0.12315969555406973, 0.17879304990177483, 0.088557142385998072, -0.14866102701655254, -0.07948824461810787, 0.020932278528123009, 0.098970688145192748, 0.15943641879238574, -0.085364822417186834, 0.23043249751689027, 0.0023013905184249422, -0.064093625231131046, 0.10981722010674795, -0.1621291003005228, -0.47131945925525115, 0.035615246843401595, -0.22286782231240837, 0.17477254695744726, -0.245441829413341, -0.47139414408679869, -0.3277031094913494, -0.19961915700191241, -0.32190472535131398, -0.26238568570460552, -0.36958205706498032, 0.21547064453599757, -0.24471160496001071, -0.57539675531054191, -0.074714845964773943, -0.062379832368226439, -0.27292489281861382, -0.053399343997117911, 0.046200765060454438, 0.031597195782383465, -0.10477770250230303, -0.606244778551978, 0.17753499601849493, -0.3704568750991788, 0.087775908661830312, 0.19356518025019118, -0.15474470851732292, -0.46897488768289508, -0.24909728176611123, -0.13131053777019872, 0.34687557225316451]\\ \hline40 & [-1.453 -1.247 -0.866 -0.115  1.653] & [ 0.124] & [0.11355116673666048, 0.020995091229544759, 0.099121473416076633, 0.096739680823139676, -0.0022989471018816294, 0.12315969555406973, 0.14692218625865056, 0.040619629929456488, -0.13086463368587384, -0.038330945414598271, -0.027543392251316003, 0.12891692932155058, 0.1329484747651222, -0.066921596334788933, 0.12688786345818456, -0.027582967404754206, -0.01079508440975826, 0.10078281645912401, -0.20780163534628207, -0.50414699173040223, 0.058485872558036112, -0.22286782231240837, 0.17477254695744726, -0.27375766051801981, -0.48876190867524844, -0.33796480199777423, -0.17316545753956838, -0.31893341212052134, -0.26238568570460552, -0.37471301002793139, 0.20947126956585604, -0.21524307288486505, -0.63409702432855586, -0.048920064186688449, -0.0092022360112483, -0.27734131596856887, 0.011462944926717355, -0.035810221774474474, 0.095430019494841145, -0.15948461030765199, -0.64216922268851584, 0.1308272412499466, -0.41298393926424382, 0.026840029181024468, 0.15996337957653245, -0.15278657646061669, -0.49388979567629815, -0.23695455367659313, -0.13580887227975941, 0.34657776555675268]\\ \hline41 & [-1.453 -1.247 -0.866 -0.115  1.653] & [ 0.124] & [0.11355116673666048, -0.02539011345389252, 0.062511373131540107, 0.12864610928500847, -0.028615235800891529, 0.080956449766366567, 0.12932588697375785, 0.046686476608983694, -0.1140990210852483, -0.065416790511028874, 0.0020849435361126349, -0.021296796373555603, 0.12190901431834966, -0.10427503300469683, 0.089313353800937328, -0.081041611206981862, -0.01079508440975826, 0.11878328581037829, -0.20736000755032177, -0.44850164620102068, 0.01544956705264201, -0.29736669263452603, 0.17477254695744726, -0.27459039128337059, -0.49572579999090466, -0.4194507302804526, -0.14633284256743198, -0.26104830625963604, -0.29361330652850953, -0.43382552742757091, 0.20947126956585604, -0.31732742829068578, -0.62683984938845039, -0.1115621095404479, -0.014639373699507841, -0.27976685458914841, 0.011462944926717355, -0.088722633175181392, 0.095430019494841145, -0.10894863142675389, -0.62883617428147154, 0.14402830949746653, -0.43656231564906428, 0.078734868255694396, 0.15996337957653245, -0.15278657646061669, -0.53949690131510775, -0.27849530880579854, -0.094050278873395787, 0.35392727675244817]\\ \hline42 & [-1.453 -1.247 -0.866 -0.115  1.653] & [ 0.124] & [0.11355116673666048, 0.12580873094011025, 0.061575974578060785, 0.12871008211654339, -0.020147442724286292, 0.080956449766366567, 0.12117828935161171, 0.051310669329882132, -0.1621718952171656, 0.0050008807039719442, -0.011454215300985355, 0.012775887327386831, 0.12936787574744391, -0.04449723727278778, 0.13325270467900618, -0.088195672236362516, -0.03589670265724932, 0.14739192964634823, -0.26441342289339337, -0.38811609081371012, 0.0093040594254348748, -0.35676625590357014, 0.18139830966798468, -0.27015429854794315, -0.44824903280440215, -0.44103307316539231, -0.13594798762593552, -0.24919052546371159, -0.29249524721463072, -0.39378956880588961, 0.19988157643881224, -0.34078478703811577, -0.57854868768648071, -0.14395536450805996, -0.036173126255294029, -0.4235931358179067, 0.035927545932932944, -0.0934735658479693, 0.10888597423147477, -0.085852296506600798, -0.64739624528107487, 0.17518506608623879, -0.46845743315164234, 0.09620287370956955, 0.18315886611529317, -0.15050881140537625, -0.52062460907013519, -0.26704017647104517, -0.07711914266012368, 0.39854944290064831]\\ \hline43 & [-1.453 -1.247 -0.866 -0.115  1.653] & [ 0.124] & [0.11355116673666048, 0.10089405935972591, 0.011859859367118544, 0.10399332287552365, 0.023299215472734121, 0.042546659244813378, 0.077196966100685757, 0.051310669329882132, -0.14148378284443336, -0.0021200074458873064, 0.0082853261451021482, 0.023346582841386083, 0.12936787574744391, -0.04449723727278778, 0.17336373698403856, -0.16679754627851728, -0.069083787478292843, 0.15389909462238976, -0.25494943846943324, -0.3705667877723558, 0.0079767217660802522, -0.35676625590357014, 0.21899281749669419, -0.27336405095455951, -0.41102150606018073, -0.38777555799446894, -0.12722481847744677, -0.24624717735243129, -0.28751947058510685, -0.38091636238396742, 0.18813666625558662, -0.31045945381856038, -0.56672035358121531, -0.13607345487567346, -0.066434407526215128, -0.39197869326446055, 0.018273227303084939, -0.0934735658479693, 0.20606294700041822, -0.0347146695862348, -0.69069530218701325, 0.23143628562606203, -0.53377456372465126, 0.052574952680988621, 0.23082764551249424, -0.11956729183225076, -0.54100829195698485, -0.30848732075253882, -0.12220576652305501, 0.3845067581130987]\\ \hline44 & [-1.453 -1.247 -0.866 -0.115  1.653] & [ 0.124] & [0.11355116673666048, 0.060212568041459046, 0.11611394709444686, 0.047043480020121257, 0.012699513873410711, 0.042546659244813378, 0.18048400968950423, 0.051310669329882132, -0.14148378284443336, 0.037531402612434539, -0.023006141857908027, 0.062507799110204418, 0.098383227748167199, -0.04449723727278778, 0.12720698102565034, -0.16679754627851728, -0.069083787478292843, 0.12028975549022211, -0.21684965315164484, -0.40817865211397208, 0.001133961923690141, -0.24436351744315016, 0.19213172110239413, -0.28352769947182377, -0.39384527545544612, -0.29411572356941529, -0.18792323362651747, -0.31830308244818378, -0.2858500840746675, -0.39063805512898719, 0.18865080944013554, -0.35181028350180327, -0.64899641462280799, -0.18791380602181271, -0.158310036289183, -0.38393771492846285, 0.00064762494174290812, -0.079059732547975548, 0.24623144361567784, -0.14611066397162847, -0.54867681584531325, 0.24778000202817824, -0.51668656125516066, 0.04744532518659067, 0.26756748009780951, -0.14897224932518605, -0.65880160935954257, -0.33997164719993384, -0.13922928501632781, 0.42057607050656698]\\ \hline45 & [-1.453 -1.247 -0.866 -0.115  1.653] & [ 0.124] & [0.11355116673666048, -0.034757593432560172, 0.070808616759310453, 0.025920164156628466, 0.031166131488722985, 0.064700500404216446, 0.18048400968950423, 0.091486821266685975, -0.14148378284443336, 0.050157317101728181, -0.023006141857908027, 0.062507799110204418, 0.056035294557612567, -0.063559738023282783, 0.17944866831939735, -0.16287787050091526, -0.042594073098036749, 0.13796572923962355, -0.25821616004189385, -0.39647837782499995, -0.0005366359620463723, -0.23849130047015285, 0.22170705189642231, -0.32141033653720869, -0.37087117131489106, -0.21357516962027212, -0.18792323362651747, -0.31830308244818378, -0.23199749585148677, -0.36799707022420641, 0.14983179205650266, -0.38903787893729247, -0.76707013441528871, -0.21814610322081704, -0.22150099260441855, -0.381852832063866, 0.0040582045677389099, -0.12124841328220837, 0.21524155034578837, -0.17650234219823682, -0.55978603367215174, 0.22016887115542275, -0.40653812960644392, -0.11824669043224065, 0.2370395047859461, -0.062032532044199208, -0.61929082749876396, -0.31837866561829031, -0.13922928501632781, 0.41130518848263786]\\ \hline46 & [-1.453 -1.247 -0.866 -0.115  1.653] & [ 0.124] & [0.15013826394490132, -0.034757593432560172, 0.070808616759310453, 0.072068697903025752, -0.016812210693035012, 0.013146175206510563, 0.13756386692594408, 0.12018218193331834, -0.11858389613813018, 0.0023562162442511969, 0.021332248242192195, 0.078383325753074384, 0.056035294557612567, -0.14499237622054872, 0.111248639464208, -0.12289887264235821, -0.060760852869497395, 0.083909572774423249, -0.25677178541890344, -0.31565161332641689, -0.0033963401639707349, -0.20793331893630679, 0.15835144334571621, -0.2822738784812221, -0.43539368602260919, -0.29132485419869181, -0.28293666612414747, -0.36874373258556992, -0.33526878579257663, -0.37655512883513281, 0.14983179205650266, -0.34920287980870784, -0.84951805865577279, -0.18065970194295616, -0.22150099260441855, -0.41406947590428383, 0.067029756386444109, -0.073271709551593872, 0.1875214439882045, -0.2688930377550508, -0.51348371095505307, 0.15077454137348284, -0.47472008564470425, -0.094652560950959808, 0.1765280620208278, -0.062032532044199208, -0.63569149537228986, -0.2863086662950865, -0.13908198404056688, 0.32568496801333141]\\ \hline47 & [-1.453 -1.247 -0.866 -0.115  1.653] & [ 0.124] & [0.12464045915387434, -0.078256274613630744, 0.096005010398894627, 0.1441014680117309, -0.034173054528498045, -0.035984744427939697, 0.13756386692594408, 0.098922570557157738, -0.1306489421973181, -0.015589192533888468, 0.10980304913821086, 0.12702783409848062, 0.019366973489418491, -0.10413887937421731, 0.13185665328733273, -0.16222869178738974, -0.060760852869497395, 0.11548989531388294, -0.24466673799015251, -0.40574024735786168, 0.031303136369804849, -0.17676548328281672, 0.11623779483547528, -0.2822738784812221, -0.39803227119054541, -0.26820700971595735, -0.24388536365587474, -0.31929370392223771, -0.39033040535756147, -0.39915216081887206, 0.13915010063141581, -0.36739751932817843, -0.85064707777512005, -0.2644658495695078, -0.23963301772854914, -0.42727795207111663, 0.040576270210545086, -0.13360491119262036, 0.10804837388173358, -0.2400673156742707, -0.57663294018081923, 0.154046855445932, -0.47726156691807048, -0.071304110238461699, 0.14627378730491891, -0.079182617187829457, -0.68690356572793099, -0.30234070571248461, -0.16680221957239888, 0.33470564424968768]\\ \hline48 & [-1.453 -1.247 -0.866 -0.115  1.653] & [ 0.124] & [0.12464045915387434, -0.07947220093997788, 0.14140769700525319, 0.12204491338725751, 0.042622745855964587, -0.063573977458874914, 0.13756386692594408, 0.098922570557157738, -0.10532944389845814, 0.013692205847677585, 0.063741548143517429, 0.12702783409848062, 0.01168386411526297, -0.10413887937421731, 0.17416193854428347, -0.24185233941733161, -0.021870599880095636, 0.10601757521502191, -0.27936360273438587, -0.28286494754211972, 0.055529120167062164, -0.17676548328281672, 0.18978332060308162, -0.34334982916545859, -0.51129354672113903, -0.31723133228479466, -0.19793946845604241, -0.32672392361143227, -0.35292027766963219, -0.35716122853346299, 0.15901627493785048, -0.31877951404640287, -0.84733913964564156, -0.25934043661981693, -0.23963301772854914, -0.50884312719624825, -0.010461229715680176, -0.15979909744554283, 0.10804837388173358, -0.22808297753263512, -0.6001449626059171, 0.15448445658447604, -0.43281198105466973, -0.076893801294431213, 0.15961228018275433, -0.079182617187829457, -0.7178141714464219, -0.26307805157165931, -0.16680221957239888, 0.43192031518857987]\\ \hline49 & [-1.453 -1.247 -0.866 -0.115  1.653] & [ 0.124] & [0.12454430531561807, -0.05621385420157872, 0.11015278740387235, 0.15993865186587922, 0.028018068149076265, -0.030773776552446237, 0.13756386692594408, 0.067303361431949621, -0.14105816449365566, 0.0054212976704319012, 0.021201633248136335, 0.12702783409848062, 0.072138483744894621, -0.073363878366236618, 0.17416193854428347, -0.24185233941733161, 0.0027853342503114829, 0.091019644292333279, -0.33988454296357862, -0.25775591318274643, 0.072834009538331579, -0.17676548328281672, 0.13387913462089046, -0.40489944988830162, -0.51470166250527238, -0.29804558681733945, -0.12703186900413263, -0.38050731085940803, -0.37300818735871599, -0.44724466193708479, 0.15511794178383298, -0.28237367150624926, -0.82916438166165174, -0.20908351530389568, -0.2737143004387092, -0.52922764049219329, 0.0068915168844333689, -0.1011089500931075, 0.11780881700527308, -0.21968253682795388, -0.57932576324638552, 0.14643211859619998, -0.47039875842873685, -0.083427541009668121, 0.12508443246567272, -0.11960494861393403, -0.70271569318642679, -0.23672760042360158, -0.28817177407303596, 0.39840806521586059]\\ \hline
    \end{tabular}
    \end{center}
    