
    \begin{center}
    \begin{tabular}{c|c}
    parameter & value \\
     Starting value of $\beta $  & [0, 0, 0, 0, 0] \\
     \hline
     Starting value of $\eta$ & 0.05 \\ 
     \hline
     Real values of $\beta$ & [-1, -1.2, -0.65, -0.25, 1.55] \\
     \hline
     Real value of $\eta$ & 0.12  \\
     \hline
     $n$ & 100  \\
     \hline
     $X$ & $\mathcal{U}([5, 5, 5, -5], [10, 10, 10, 10])$  \\
     \hline
     Censure & $\exp(30)$  \\
     \hline
     Optimization method & (gibbs)  \\
     \hline
     Seed &$12345$  \\
     \hline
     Constante &$Yes$  \\
     \hline
\end{tabular} \begin{tabular}{c|c|c|c}
    Iteration & beta & eta & Frailty mean\\ 
    \hline
    0 & [-0.151 -1.329 -0.69   0.028  1.277] & [ 0.05] & [0.0, -0.017974619257149826, -0.098782961495685495, 0.0, -0.4553749031526293, 0.18092373290179337, -0.063102607540789793, 0.13407862495383085, 0.46207984846417871, -0.11184206677197837, 0.0, 0.0, -0.18012564710877235, 0.26295375509175484, -0.2789799204904248, 0.036970491009897355, -0.083661537225433125, 0.36905127400493476, 0.12198228585360374, -0.14002777410657843, 0.0, 0.17317345266925341, 0.1218624528767752, 0.22445421579011304, -0.1871129611418571, 0.14780036381705255, -0.16575452955168871, 0.37225121988155935, -0.24223815162914297, -0.17475570626463841, 0.077521456581936737, 0.062486244042907126, -0.28691773734888398, -0.047487906033702267, 0.38247242409366883, -0.32655165267627351, -0.27968720877176662, -0.30514275653674228, 0.18882890421028317, 0.063004859701043914, 0.0055774345687104243, 0.0, -0.12989906178019661, -0.25507636827813657, -0.052495918464512209, -0.10304302263833653, -0.074646098448631154, 0.11137034083138392, 0.0, -0.023153048382446893]\\ \hline1 & [-0.145 -1.188 -0.66   0.015  1.168] & [ 0.069] & [-0.252755105371263, -0.02463052128295401, 0.16354608169999346, 0.40450940994629542, -0.54143044654458317, 0.77797824702195384, -0.15768052961537174, -0.019984318545565479, 0.21158022513122407, -0.11085371103427458, -0.015821358813250509, 0.0, -0.4077997859491026, 0.63084692028489153, -0.59929709833141143, -0.55991183846359838, -0.062825642405780799, 0.50570891816048369, 0.3177912758808169, -0.12574128328783243, 0.31242607500563058, -0.070210678758093031, -0.017397611843498435, -0.043124916348147503, -0.17311802727183875, 0.0385090245791537, -0.83273803234748656, 0.81399489383274304, -0.43191490550051431, -0.23946677706437033, -0.12609150314133472, 0.59871534956651762, -0.22834117073128093, 0.42219269491557249, 0.41663928919129567, -0.34369517765304769, -0.43603684154748285, -0.50669171412281133, 0.31746671521247632, -0.41331884101596383, 0.043249948838760967, 0.0, -0.026667246842074759, -0.34336108228872148, -0.07193486651986046, -0.14119928360340148, -0.10228713555627358, 0.40584646702990212, -0.079998314876553761, -0.11835751231181527]\\ \hline2 & [-0.095 -1.132 -0.684  0.01   1.14 ] & [ 0.046] & [-0.35020081307227707, 0.031298540628190534, 0.15057448186571273, 0.2712669876275739, -0.23448918608621158, 0.47859996338034549, -0.015305444368076886, 0.087580678152873431, 0.084608993536226751, 0.17485687630067598, 0.10020381609361843, -0.043276669813552451, -0.29508492738197833, 0.31034637768127982, -0.44835542693580305, -0.59556479195608736, -0.34441718456399439, 0.53052882745477303, 0.10290729616307087, 0.13885691060413366, -0.1294788839790347, -0.41234502244330845, 0.038919006540538904, -0.13100706940437956, -0.29617852183506915, -0.1554798271557126, -0.56030159123340884, 0.65538364160299301, -0.28964531465937482, -0.160588183250817, -0.33110059319214685, 0.6407927999655606, -0.44613676378767064, 0.40627879632061187, 0.16132622429513524, -0.23048451583967894, -0.66446035676174353, -0.032799463082303498, 0.35030446269127707, -0.26586447681972353, 0.26048818138585361, -0.15633588310000224, -0.045311043698181626, -0.068381778412245256, -0.04556152864473504, -0.12045864362832864, 0.16188488960085559, 0.14214686705658219, -0.31125348568892003, 0.3043091120866811]\\ \hline3 & [-0.1   -1.137 -0.695  0.016  1.147] & [ 0.049] & [-0.16886720154101573, 0.07379312105921304, 0.15971340671256259, 0.096423693952666423, -0.18657198855063112, 0.54854691140692691, 0.081483999642604915, 0.16814350800607999, 0.2041255029333531, 0.31652810726879199, 0.30448684833976197, -0.25357013187206423, 0.033838891751731812, 0.34724183180369705, -0.036056265799935254, -0.60246918288489071, -0.41308911955410493, 0.63082953588868151, 0.16219381550176939, 0.25669554942839329, -0.12250922755430937, -0.47532492024315282, 0.080950229494057807, -0.36469700698173857, -0.5045943226026478, -0.093402462796788571, -0.4403094892829541, 0.66326725606019765, -0.13899957500585028, -0.26158355027509639, -0.18872784020730285, 0.26434324293215522, -0.36260289853106298, 0.65807257185589907, 0.071940015372692984, -0.72757022990920373, -0.47161081478181976, 0.087392784068624677, 0.38632893464487872, -0.50629837057685556, 0.2713456203842301, -0.18476788268067731, 0.070978778410090218, -0.34697770753160617, 0.20446038513384396, -0.30019748647623623, 0.15692755579188686, 0.21345921549063585, 0.012319976153343869, 0.36721150117216433]\\ \hline4 & [-0.108 -1.139 -0.695  0.025  1.143] & [ 0.029] & [0.096865623079543578, -0.076407703775046104, 0.14061650129216277, 0.084358538059153595, -0.16670167552976983, 0.47734258899314141, 0.048717833802771469, 0.047219323056053072, 0.28629560139725735, 0.26509788408244683, 0.037991384020914648, -0.15160507088597733, -0.011896075404924844, 0.207609713874885, -0.29393137202246822, -0.5906016825594117, -0.040887164013297339, 0.48338017154407209, 0.034232799877792833, 0.23786969166590893, 0.016751027425535931, -0.3496483708600745, 0.23872277835430067, -0.039746088691488164, -0.29107684631357805, -0.16324773292134379, -0.23726347259407415, 0.39971273774213389, 0.15040729829886959, -0.30108590674875046, -0.056226247111482205, 0.1484245574452078, -0.24432224000067168, 0.46708141693580074, 0.06441391229319314, -0.46551253609960358, -0.28196771629895695, 0.06293458456882757, 0.23761611573388744, -0.20163138839552147, -0.18247393815170987, -0.11046943007226505, -0.085367987318208105, -0.43394997229895066, 0.12224322696345767, -0.43830892429249974, 0.22196637140568701, 0.16674873512601268, 0.1150258108359921, 0.16524841313704824]\\ \hline5 & [-0.116 -1.136 -0.711  0.027  1.159] & [ 0.034] & [0.21062327066270145, -6.5790649348373078e-05, 0.38685587346822398, 0.097415584341680767, -0.089182856297773436, 0.42201908542161948, -0.071241443802473131, -0.21662317708278039, 0.42095248289637227, 0.30300318245945229, 0.17956414835944262, -0.17345657829871397, -0.13013273615903401, 0.19232819239673207, -0.47780005873935694, -0.73524212399253075, -0.024576074356467446, 0.66314705435634147, 0.071159908758912802, 0.29903636078417967, -0.065718541541771411, -0.43816586471371188, 0.27567237986920456, 0.0077688401068566953, -0.30222832701972957, -0.2708252953195428, 0.013289955196643395, 0.40993535103850187, 0.30871403202051456, -0.3476880967568135, -0.24567735155177617, 0.28610298010785246, -0.23273974794331684, 0.4383684133613136, 0.16357787937553006, -0.70737101747129605, -0.33103444056257852, 0.09662217038068939, 0.31083560451124703, -0.20655262678679809, -0.14546902462287897, -0.098825651159396052, -0.060112459820830244, -0.50111691239736267, 0.081666660023954576, -0.71842935372894134, 0.30346015719053621, 0.05966623125885654, 0.16086782582488923, 0.30609899858334955]\\ \hline6 & [-0.113 -1.151 -0.716  0.031  1.171] & [ 0.039] & [0.18742886881235868, -7.6115058761569651e-05, 0.68930071360379752, 0.021731680540368243, -0.056007691377489476, 0.46313917431782325, -0.11384688076226408, 0.17442816645430903, 0.31740430957160903, 0.42899259727166372, 0.12518535846056908, -0.20067681016305253, -0.090616976458128495, 0.50718903804397575, -0.49129823970776376, -0.85547540749215112, -0.19761218617615017, 0.90868189840445401, 0.29433630032114083, 0.44920894362646341, -0.35758960142321028, -0.73044627519316951, 0.031368808847017114, -0.022804804249681287, -0.24782999213214105, -0.23183217640236983, 0.16781332298829829, 0.20310722304845677, 0.52941226673621056, -0.58479644476918025, -0.38470223146225546, 0.25275382812596903, -0.32282524988610639, 0.4974298304021576, 0.31607745528483266, -0.70625724211204566, -0.55954158859821057, 0.027890392618836253, 0.4750235707496302, -0.10763994125572207, -0.19344025100871126, 0.054465168611931368, -0.24791187241080209, -0.83909621362191533, -0.02419515247802376, -0.81295002342009393, 0.21764880848267201, -0.016738058990326089, 0.38686927194933934, 0.46623229364516194]\\ \hline7 & [-0.126 -1.167 -0.737  0.054  1.172] & [ 0.039] & [0.19552688573365959, -7.5859248957246657e-05, 0.74722962329341258, 0.028114173260691839, -0.055819459024983011, 0.65686070360828575, -0.12712696855757066, 0.19865644152714151, 0.39192856612366239, 0.54313683639475907, 0.12476463170067502, -0.20000236943640498, 0.093806923256901445, 0.53671086091268405, -0.66129049356484737, -0.79470672961001076, -0.082580607957129154, 1.0809106853831836, 0.26352411915856699, 0.32417489619619888, -0.37586072048111691, -0.66293129646696058, 0.24471573075839745, -0.074731507360309687, -0.028960174144332374, -0.047274420409036233, 0.27441399673518785, 0.22534889427410379, 0.40213607779397686, -0.67654300320809613, -0.51133224086900042, 0.33208865109512703, -0.49992677651138256, 0.57149891246538809, 0.49375497093692011, -0.62813409407504484, -0.83084825266718054, -0.049897630815607101, 0.24982277861661364, -0.25876465949019078, -0.14020428504773663, -0.067156884185450003, -0.58264168419837892, -0.89107228799588856, 0.42486011855872308, -0.46334826478336477, -0.026499444702797664, -0.23067763030052507, 0.29348868984881726, 0.41946906213431295]\\ \hline8 & [-0.165 -1.158 -0.73   0.051  1.164] & [ 0.026] & [0.16698297774539866, 0.00022306916418775785, 0.55371386313507953, 0.054461462375519118, -0.054370440397921424, 0.33879594358460358, 0.0078887824851138141, 0.11275084678032471, 0.20266488825995388, 0.42646034762745672, 0.098964038190295214, 0.01585508512467948, 0.031905326176440346, 0.34226702197516495, -0.50169859145541906, -0.71742086680171946, -0.093232502496533171, 0.77197659165479071, 0.017938713936925581, 0.19505428532605709, -0.21579247036480073, -0.4265041397192455, 0.0698760256904708, -0.36628719406293753, 0.097071166364508243, 0.012399868459262336, 0.12137901209764634, 0.16868756788502429, 0.29007734501080207, -0.54930270708343909, -0.50123590575398458, 0.043856968086762343, -0.39763967456306981, 0.44211178356485764, 0.45811624367113879, -0.37917908699192798, -0.7039220955184623, -0.23297597970915621, 0.32584612053813822, -0.18352170250575964, -0.19676653753394649, -0.16972455959378863, -0.31045858114186398, -0.59820374568179469, 0.25438488944233506, -0.26692543035362065, 0.16503851069451525, -0.28625816340137256, 0.0054430410513051294, 0.29562522048717499]\\ \hline9 & [-0.188 -1.135 -0.721  0.048  1.149] & [ 0.028] & [0.00033513665220207071, 0.093550100964419958, 0.53312434486749949, 0.065182885965879289, 0.0047066514421058251, 0.19635039639402979, -0.17775119333037012, 0.049291771816937564, 0.36380152969494045, 0.24940239732707631, 0.10562755005700607, 0.11546547715924377, 0.18428503622381762, 0.41100507319538265, -0.51156220113551021, -0.58706369057985663, -0.024014573442338993, 0.82395582849053206, 0.0097519243177776969, 0.25149963920729063, -0.3635290977727183, -0.63675953695775778, 0.23708188694554513, -0.23129664404605588, 0.33151689836430431, -0.014766326870370517, 0.067248873620219238, 0.21656508725015489, 0.16858401044150298, -0.59279342248811728, -0.62343174089753473, 0.043063820354874313, -0.5310566873379664, 0.30739581472972655, 0.41948132607575062, -0.25991903567237629, -0.63420519365666062, -0.23354963291461073, 0.15336786227292937, -0.17437762054473438, -0.28191983086373196, -0.26511125870212859, -0.55189837815023612, -0.60874669109432233, 0.36616053213965716, -0.10350304570234818, 0.03227077135565562, -0.36898575484339124, 0.040086613945077114, 0.20990576665072666]\\ \hline10 & [-0.204 -1.137 -0.723  0.04   1.159] & [ 0.026] & [0.0086917003901711906, 0.17441110438486862, 0.45649424474534889, 0.17232559200403411, -0.10683879048259462, 0.30839955871373631, -0.12432660376220869, 0.068986936601637669, 0.5171016687571357, 0.18432243788175631, 0.28209426799260545, 0.10662350426672031, 0.34556226695965897, 0.31009229809246985, -0.49386338934995699, -0.55605893078550583, -0.15340191061856909, 0.65587537503391835, 0.30278116570309704, 0.20155006422829796, -0.47934788243932352, -0.47586062129577367, 0.17927429399794845, -0.25224924011306749, 0.40561746442780627, -0.039370700037590217, 0.12158695387208907, 0.11913347900194318, 0.17909026005790293, -0.58271095155518027, -0.56810504977088083, 0.013531123545380212, -0.52276302265722441, 0.085603731785018886, 0.33140899241606553, -0.20877739595880002, -0.65496023362748756, -0.083675256004238016, 0.24936704053642594, -0.29005990751841454, -0.44688391621521295, -0.18570704948332389, -0.63743147996317373, -0.61890383933425297, 0.24679866844621509, 0.10345173614810381, -0.0029491556406064882, -0.35881111096374929, 0.033784343373306061, 0.11812398641804084]\\ \hline11 & [-0.281 -1.13  -0.721  0.031  1.171] & [ 0.029] & [0.067342502535240947, 0.12754976509977622, 0.67085770146557921, 0.43621559326874382, -0.24391992066722104, 0.24885192695718805, -0.2182595511011155, 0.19367040352651568, 0.47624578372291249, 0.032645302662391525, 0.36429168008740265, 0.1452766063953137, 0.28424999559264302, 0.20049726123508332, -0.4792397253135226, -0.645188336834155, -0.11318755275096312, 0.58864135371003301, 0.31334937992350592, -0.0011268261583451005, -0.56894384536505183, -0.48520940364136395, 0.19320075564324635, -0.28157330628246857, 0.43219346249398244, -0.01008054416907239, 0.25798664503285806, 0.23296062055427208, 0.038350704848881159, -0.64104391227759883, -0.47105035973922171, -0.045338414865819361, -0.62243190770719081, -0.036390780498924143, 0.30369500253683651, -0.18403893096412322, -0.72579931692061506, 0.035348753946922641, 0.15249984975965403, -0.32377947756488029, -0.28850049943816597, -0.35318149400693072, -0.74720311985297128, -0.76674704643058722, 0.18190393147600042, 0.14647765772316801, 0.12564373395806941, -0.52088534383305485, -0.081304383326240071, 0.18903789743832511]\\ \hline12 & [-0.332 -1.132 -0.725  0.034  1.177] & [ 0.029] & [-0.14242694242959561, 0.12899156805528431, 0.77452906694604851, 0.41343822100064259, -0.18445129317788089, 0.25166491092066373, -0.18199245021730368, 0.26992360103499813, 0.69033038089327992, 0.098616253786556293, 0.092910097383469586, 0.20435786598096711, 0.26162257139999423, 0.28204688009084489, -0.51289333009698135, -0.64125954898409687, -0.1439980325288201, 0.60238140178666988, 0.32369935080170936, 0.077227024776108905, -0.54728119957363197, -0.47662410721822168, 0.2003242283482447, -0.24266315789572043, 0.3690708349359581, -0.025863800826518867, 0.51359883871223988, 0.48717565866337148, -0.12971074152484408, -0.60313574059424135, -0.49663566936874826, -0.068000103565195827, -0.68217204297553136, 0.21538679792938556, 0.1961012426109715, -0.28307199994720617, -0.79354927936370345, -0.048265394724153067, 0.14125642146908951, -0.18916367309272727, -0.30203359205048852, -0.47901967535391737, -0.70003916376780928, -0.6999029586245008, 0.34480197422769815, 0.0063834760133947999, 0.17983818686624603, -0.63292358468838605, 0.00029124787930218538, 0.12607299809958597]\\ \hline13 & [-0.353 -1.134 -0.724  0.035  1.179] & [ 0.029] & [-0.10122790881605195, 0.23078226369844354, 0.65143541143414363, 0.5696948206642084, -0.30492880779090475, 0.35131368978589633, -0.096491116545476624, 0.1528736872979311, 0.57366538277605328, -0.02735771443347073, 0.15281984397336321, 0.20211250674748676, -0.028777991567988142, 0.10237890885820865, -0.70233393172475722, -0.74089715092126274, -0.00058074763203113603, 0.59511204960679376, 0.5688852590068938, 0.255993377803163, -0.55083974920083367, -0.52156602793695017, 0.094627998661634058, -0.34915796092080836, 0.40768095534948784, -0.11703388157204556, 0.49813614865896688, 0.36716702550900454, -0.12986504931776732, -0.54396156281071117, -0.66884454239526148, 0.067571960801430173, -0.57029285739546753, 0.21062666014612835, 0.25583720481027628, -0.30451108836124907, -0.7891485024344882, -0.14771267294686921, 0.17386307863775358, -0.16256835634321487, -0.38203986718876548, -0.68291360760794517, -0.6426464248776661, -0.6729053063269651, 0.11490101561782561, 0.15848073839000545, 0.18483270047914874, -0.67921551298549343, -0.10006564446155421, 0.0064036003675961867]\\ \hline14 & [-0.368 -1.133 -0.723  0.036  1.178] & [ 0.029] & [-0.10040523038651326, 0.32491935671288064, 0.48015253327148205, 0.5988934929755293, -0.34523210432930335, 0.42600125192242555, -0.11124098393096866, 0.17162373499049643, 0.57408307929897229, 0.18246416254825767, -0.005402476442909341, 0.47086207338386959, -0.060767147669120135, 0.32029225615560092, -0.69095027794152886, -0.64558181207973397, 0.11350564176876948, 0.70240801602429359, 0.44722910369583058, 0.17679966039105222, -0.48186732717081937, -0.27259544303454941, 0.081092045543472532, -0.19266778211387423, 0.32620153447292477, -0.031267057640681314, 0.3791213506290062, 0.5959917017605989, -0.064857007482681681, -0.68079056525597814, -0.48080061008623654, 0.074063763762384494, -0.76903708451355701, 0.081613318141330909, 0.38980014171358102, -0.44559963325868984, -0.63307779354239091, -0.10250211740282314, 0.23561700001851174, 0.00048271364834078482, -0.4118236762582842, -0.80253519307567256, -0.8387958625216746, -0.79902532893482636, 0.11467950874194498, 0.15175120487298677, 0.26888384074674143, -0.72226833130324142, 0.0028303669125294933, -0.037291154442791609]\\ \hline15 & [-0.392 -1.133 -0.723  0.037  1.18 ] & [ 0.029] & [-0.094223948142841601, 0.32502530930951329, 0.55018648428927397, 0.61797322592408133, -0.34534468068752561, 0.35801146990886351, -0.017402527764507885, 0.15401411061318199, 0.56444260017844994, -0.0074939383614320652, 0.09984958316362573, 0.47943950134935903, -0.0039869719076059667, 0.35479089177844664, -0.54523918159358886, -0.6976996768884195, 0.1322708602608704, 0.63179400976448674, 0.30654912448544613, 0.036184666076691629, -0.26197824730669411, -0.26094009679620656, 0.24157945062078154, -0.21770701601745188, 0.18150992751784933, -0.037546523132410976, 0.60858846064550975, 0.59618604804089415, 0.10882550958179761, -0.74744650171206473, -0.47157098381705159, 0.070929765391924138, -0.79451394421873001, 0.08163993133872352, 0.34221305856074358, -0.51805827399352367, -0.82019767717625813, -0.25953681134861173, 0.24363062012175155, 0.015431159362530592, -0.46361215004297041, -0.62047061003792725, -0.76514344791534206, -0.7113923295667558, 0.13925274319888795, 0.26192510359495175, 0.19287400792009757, -0.72267778828656604, -0.051894764344176114, -0.18610027811482935]\\ \hline16 & [-0.407 -1.132 -0.723  0.038  1.181] & [ 0.029] & [-0.029757488257727085, 0.45460325298965631, 0.64947496332554255, 0.82306022255547162, -0.33398657216319527, 0.33945507607898534, -0.1019467658512129, 0.2013348290889117, 0.52172580786483869, 0.068833351059962633, 0.14749808933125563, 0.5582125605763173, 0.0084483634594430083, 0.33911781755312476, -0.40506327422850175, -0.70251222185391793, 0.13230820586193076, 0.41976616331159794, 0.37329488995146559, -0.003476487397255543, -0.071315724932095911, -0.32643674528887834, 0.28341024816099469, -0.45963234581326395, 0.20800628172895283, -0.2149606255213416, 0.67501677386267855, 0.59172115728295493, 0.15807940249412955, -0.68690739070084772, -0.48929103627701842, 0.087317193597910819, -0.79910004082880015, -0.013981953260192052, 0.2716921946513785, -0.42206316667455807, -0.71777799335752224, -0.15116701146486575, 0.29834304549827129, -0.12365308044491122, -0.47279009075139145, -0.80239901328896046, -0.63217803593080046, -0.68677598504870563, 0.25699150924572606, 0.24806970787520838, 0.17181806415999715, -0.76469549335605491, -0.0034555986246644246, -0.085052366843879262]\\ \hline17 & [-0.424 -1.131 -0.722  0.038  1.182] & [ 0.029] & [-0.087933232695827368, 0.4792694115334698, 0.62545254921545745, 0.73931080781367364, -0.45343757443860844, 0.3122141670730284, -0.226819472016204, 0.35035505133001643, 0.593895520039183, -0.013580264024378248, 0.19109091954266347, 0.68748742611291846, 0.18903237684882288, 0.35642586902649931, -0.45137081563929898, -0.75968278605767192, 0.16500112441563614, 0.25093602543249183, 0.24332711615780964, -0.1807439352629982, -0.072147129245846986, -0.44461544175131534, 0.17092621630826407, -0.65599664196571206, 0.1913421717817852, -0.28281280886760923, 0.78713059863764634, 0.5169170252737586, 0.17515185684719381, -0.74530464806645147, -0.48348429019125255, 0.062521921937697039, -0.72283835405173369, -0.12801534259260275, 0.22434196589141947, -0.4220677220212668, -0.86280001988918908, -0.033557640851062602, 0.22506947068050556, -0.082699907840565107, -0.44751745624065692, -0.71007514418601947, -0.36517924521446321, -0.6366472304351799, 0.2881692587418494, 0.3015740163575405, 0.19728162116624967, -0.94139769889050373, 0.12714915788471565, -0.019474613697313958]\\ \hline18 & [-0.426 -1.131 -0.722  0.038  1.182] & [ 0.029] & [0.038552000032356933, 0.52305155794553959, 0.65162740158263588, 0.66796959732237904, -0.63706741629499042, 0.33339857123608613, -0.33637534632937383, 0.47619536767339748, 0.65981210913665278, -0.046077337118725796, 0.032476024062373592, 0.68743394652833478, 0.34975281936774139, 0.35522075692396871, -0.4487068084477584, -0.58089984647366733, 0.065907434626270467, 0.42086657725292953, 0.39692055849877744, -0.27589888847679389, 0.0045145205626027111, -0.31487112817474094, 0.17154612047976281, -0.67693886356381228, 0.22320245615923265, -0.32667673950513659, 0.74500404883618154, 0.53382110786258163, 0.095671606898651132, -0.4844087256260512, -0.48344667999212737, 0.016784082677463476, -0.72059474911581045, -0.30548723062538713, 0.29995292002399088, -0.28111846305836924, -0.6458054223856996, -0.14481548861519325, 0.2571264253358681, -0.069970419502187575, -0.35816414741377567, -0.75376449192900319, -0.45403876823153333, -0.81720162537475949, 0.21260941144231713, 0.29019356075037628, 0.13044299128276476, -1.0443467831451219, 0.11393812881008329, 0.044288108205996608]\\ \hline19 & [-0.429 -1.131 -0.722  0.038  1.182] & [ 0.029] & [0.031971055556469306, 0.56339664514235943, 0.75772333889283183, 0.85284012894420014, -0.51578408970335177, 0.37715003461537139, -0.36551173906366718, 0.62925891261448563, 0.82646514590436448, -0.046081663234326699, 0.032479073175953867, 0.3632398428797482, 0.21000886494805737, 0.3628392409277742, -0.39445923305229708, -0.43230727372492039, 0.12039350148431625, 0.37176923616448471, 0.43874438288777368, -0.17961530379398347, 0.024081953313972185, -0.46416334239839124, 0.15581171301156402, -0.75269547562551375, 0.38262952032671793, -0.23394521980850214, 0.89431314056377631, 0.52869439667708429, 0.054405975408177071, -0.42808279364688234, -0.51822542042555575, -0.069940155336917512, -0.75906654606162816, -0.25704510705970796, 0.29599418990933019, -0.22967674066930988, -0.6458660558573287, -0.22394795786371754, 0.1743369580242404, -0.20857948249182484, -0.30836487561916232, -0.674802048471149, -0.40867299272242852, -0.77052161017890941, 0.12961871445781051, 0.078417208151607187, 0.28969198539611363, -1.1413404302130827, 0.16385493188620501, 0.015968567344257979]\\ \hline20 & [-0.434 -1.131 -0.721  0.038  1.182] & [ 0.029] & [-0.027844879071141006, 0.59444858939053469, 0.71700703968832202, 0.75125745275296052, -0.51106109977331049, 0.40601946610298856, -0.21182908912746581, 0.66482830616871869, 0.80794722912874584, 0.08518530354278582, -0.094751218612992627, 0.36317163188266671, 0.12495440444871346, 0.33022754015889799, -0.395207302963481, -0.56254452361758001, -0.056505059855588707, 0.48806817933194135, 0.4086160488331344, -0.15923983929025232, -0.15410774651738185, -0.45679607100612185, 0.27249634819909113, -1.0556900328237149, 0.56949295733762983, -0.24684030831384954, 0.9040962472891495, 0.4482404168787581, -0.044841871886506665, -0.44547161666261209, -0.43122589444066017, 0.081936493897834597, -0.54380130244311142, -0.28477841564367523, 0.30012505950166418, -0.18288671029698592, -0.68380662736958109, -0.24303996486941809, 0.16429188888948934, -0.31959303339174905, -0.58726060466122387, -0.79068603408982963, -0.3571447740984357, -0.68319014379520404, -0.0087467077355993551, 0.0371846657191836, 0.17976550711841888, -1.2710906834120403, 0.14611004988249915, 0.1950994247729663]\\ \hline21 & [-0.436 -1.131 -0.722  0.038  1.182] & [ 0.029] & [0.23983346572828396, 0.45850054386170186, 0.82622259158225497, 0.78304004170585684, -0.77145374860616189, 0.28439297606080421, -0.34204824512832738, 0.75468432265272456, 0.77646538755266314, -0.086471434803862962, -0.14959350280401859, 0.44757830134299442, 0.10987745648197669, 0.33028155840302126, -0.33115746294394938, -0.5281078003063775, -0.23974629055117444, 0.54170366796307268, 0.66488698781926658, 0.010069250331147719, -0.040600142306247734, -0.73664597470720561, 0.22206833105995302, -1.1657749789559924, 0.56958611434561635, -0.22418875155639406, 1.1491164508339518, 0.45862297845481576, -0.1154764998374284, -0.21482440781320153, -0.44810738670817596, 0.043045982149444703, -0.66820066579706394, -0.33941757001132683, 0.14172136300355268, -0.10206764200301184, -0.82022360851809162, 0.0081617199879101023, 0.13625809082159482, -0.087149183100702937, -0.29281722571436392, -0.7051228934855519, -0.29346483670933871, -0.69992236596379398, -0.13278716981636723, 0.13700311046496982, -0.19916357730481266, -1.2979912768456401, 0.086832234633357874, 0.25284401795703293]\\ \hline22 & [-0.438 -1.131 -0.722  0.038  1.182] & [ 0.029] & [0.19393276392214037, 0.45854390386726446, 0.81543934322945433, 0.93845472127365293, -0.77152670432950543, 0.37081961919950412, -0.52682614724225041, 0.6956235593901855, 0.64579919298848798, -0.040073941689099619, -0.23704438259026214, 0.30930803835074133, 0.044405033917779488, 0.42231082025854322, -0.22852111240183226, -0.71536612716277459, -0.20530012790825181, 0.67848154363667579, 0.65299872132104875, 0.17903209770805398, -0.086889301843463315, -0.59942342369804735, 0.31919341821114144, -1.0959372001983791, 0.57867150210294338, -0.11533743563688006, 0.9707893607355399, 0.57194027223492094, -0.0024970242164566287, -0.12583406887262155, -0.39787497886502865, 0.079477468217224054, -0.6758239660502201, -0.079436976107201851, 0.13222847939657564, -0.053156285649824164, -0.75100696596005445, -0.26656000390642709, 0.048142986833248226, -0.22303008138721389, -0.20393775247471418, -0.8349029844377327, -0.28519675699619473, -0.8371673596924023, -0.02860617501741175, 0.32570674846424452, -0.271386076155339, -1.2895799738251577, 0.10151969921805368, 0.045404887861300459]\\ \hline23 & [-0.441 -1.131 -0.722  0.038  1.182] & [ 0.029] & [0.066750324101230621, 0.45858444367813106, 0.84125283616967328, 1.027292396246686, -0.77566559607179919, 0.34473625665338992, -0.37053518811996944, 0.79671478447860666, 0.75988025773139556, -0.086460877497478869, -0.24850241750258706, 0.30933538423685714, 0.018508123040821767, 0.42234815670688725, -0.36396727855010053, -0.80128646951361093, -0.28870709433487085, 0.72529486099626506, 0.42965370895023774, 0.1691457909993333, 0.11279381492524872, -0.59367427010605378, 0.36647931673177458, -1.1004116755689728, 0.81232480574401078, 0.050897632554085533, 0.95981020907137682, 0.63959983673223619, -0.040408492142687644, -0.073119668529419743, -0.37553292933689864, 0.13330748206062187, -0.60334465555394101, -0.13660484759616889, 0.098423486140036445, 0.13517302338470577, -0.67991235287725305, -0.26171992565118596, 0.032217515901407208, -0.065874394832427588, -0.32302014280439023, -0.82476082357686331, -0.25200271027326993, -0.81918990823413829, -0.02758748115794853, 0.44104729874400572, -0.30467995285697197, -1.2739357159333913, -0.099299827901777021, -0.018429430126349532]\\ \hline24 & [-0.442 -1.131 -0.722  0.039  1.182] & [ 0.029] & [0.20799614811865777, 0.34481459662062053, 1.0340763291380684, 1.0688737235169019, -0.78821780054254076, 0.49751221639956628, -0.30475004963277752, 0.8122784112825403, 0.62474634636255955, 0.066046895795386973, -0.22220845884692908, 0.200368064395229, -0.02766972535804264, 0.65459254306134096, -0.32054434470511634, -0.96367170915169298, -0.17183271426329375, 0.75517688499765956, 0.27198274303505909, 0.044927797395161652, 0.056114584703449329, -0.58198271397962054, 0.27327618431080308, -1.0315758878534467, 0.86814713988966441, 0.11103322024155055, 0.95693900207630811, 0.54761118512907736, -0.08156652192367142, -0.22289365908299374, -0.50649948520682364, 0.01651631392925109, -0.50489890413554706, -0.22617160789556376, 0.02213320925637257, 0.13882231515155977, -0.61916409534772499, -0.33376197747434805, -0.0021905091941506589, 0.012314123245820409, -0.2730163351795189, -0.84534938204618126, -0.18386894864864517, -0.93957791472384977, -0.2442915052055884, 0.59820891231680406, -0.32325437995816064, -1.0584327434553538, -0.048178201348355931, -0.14762598941022903]\\ \hline25 & [-0.442 -1.131 -0.721  0.039  1.182] & [ 0.029] & [0.17983325666477931, 0.35330128249568021, 0.91275198566944749, 1.0685834987756784, -0.88106385137775944, 0.35448349970878223, -0.10791087112415303, 0.80403727093181632, 0.59098922544581367, -0.20348289738597314, -0.31804828996493034, 0.20027797829674723, -0.16338817521976381, 0.65429823623915528, -0.33538362473230299, -0.87957222562908532, -0.039289934133319736, 0.68939342496894107, 0.29043008509884544, 0.079638023643669814, -0.097034480182365712, -0.31543543755972009, 0.43880671329306808, -1.0111020606337702, 0.98871158924076896, 0.12396480273687711, 1.0343589414202548, 0.5785878608669347, 0.015785201486292821, -0.050941215208644371, -0.59801468747091291, -0.1938002475802717, -0.63457828866560007, -0.26234160722289185, -0.10624746712792434, 0.18557393335025796, -0.49448724171684472, -0.090593234219829719, -0.092433204821849926, -0.22187845240278037, -0.11757121341525752, -0.94992372705677308, -0.22360550729142367, -0.79351066208941756, -0.26835708143440073, 0.56054445820690391, -0.041490479107090771, -0.94174844161090998, -0.12475495496230837, -0.28298295419441172]\\ \hline26 & [-0.444 -1.13  -0.721  0.039  1.181] & [ 0.029] & [0.13057968206458506, 0.3399052661804764, 1.138807746867659, 1.1746131422834434, -0.89780737996148374, 0.31648745336396883, -0.13911757089948551, 0.60995115834305891, 0.59792786223199657, -0.21526447122228176, -0.49950086873605098, 0.31608801815538529, -0.25696908502133547, 0.7007320296520082, -0.33368344496311564, -0.90620857813430999, -0.26142035505594274, 0.66291627388997276, 0.27800814251794448, 0.13164033800847383, -0.13496252099167799, -0.3789145035158657, 0.29599155038751235, -1.173189171384232, 1.211945702652355, 0.14127383442860963, 1.0528807355347201, 0.70946445379790068, 0.049481155920121679, 0.13287968150468979, -0.66030408627669612, -0.40483658116653443, -0.59931003185478615, -0.30078757592400895, -0.15358216028230701, 0.15544608736461993, -0.44098323214625257, -0.04425581626669195, -0.24351322944027479, -0.34948295214661279, 0.13752020715313518, -1.1784436423427747, -0.34574929105275143, -0.90826039644243595, -0.29209064002243235, 0.58282704841300303, -0.13873945586402797, -0.92816605079509229, -0.15467532939354853, -0.21978918284780827]\\ \hline27 & [-0.449 -1.13  -0.722  0.039  1.182] & [ 0.029] & [0.039715697599003903, 0.32264307646888563, 1.1322040824205382, 1.1772599278369655, -0.98605668948563718, 0.40507101454706029, -0.18164642695513539, 0.53416647847278587, 0.57800308874183715, -0.60942683389282348, -0.45218196542754657, 0.32812141673889234, -0.21866831845912671, 0.86201565289758275, -0.37008721972622399, -0.88615159651696851, -0.27339957624602279, 0.67095649779374511, 0.30932213229879013, 0.23593943148503782, -0.19823871669741344, -0.44011155008805669, 0.2281051879548299, -1.2870798362264704, 1.211770676390693, 0.23059173657565879, 1.2210951430486006, 0.85014816666923398, -0.037366279966657388, 0.092391250964513436, -0.55738240261401018, -0.30409412827637883, -0.66416612542573217, -0.25208010771106815, -0.26449548063761152, 0.38703803889354393, -0.37358480522556242, -0.021069124948261932, -0.10950447751028805, -0.2408219153357655, 0.15594485474545355, -1.2723207258499178, -0.41604352312786541, -0.9302512730541701, -0.19391690142743473, 0.53370531821167688, -0.061925966474010261, -0.96657349031942952, -0.35599578540273102, -0.26161337956189051]\\ \hline28 & [-0.451 -1.13  -0.722  0.039  1.182] & [ 0.029] & [0.1536923631814662, 0.36815507707181794, 1.2902785301050228, 1.2381160193040883, -1.003320030297459, 0.60500388816806949, -0.34923099964821058, 0.37976915163326741, 0.57582167584132049, -0.43488986031703847, -0.39447559864609155, 0.51947683519222165, -0.27992816344643501, 0.74465931892199499, -0.28134664261879927, -0.93551574515304847, -0.24400753908386294, 0.54722787296305941, 0.39551299737468076, 0.50994112854451623, -0.26851442083926857, -0.29229757984471127, 0.26705884276460212, -1.0534386040659474, 1.0657061954985751, -0.050518852110319264, 1.2328832576017195, 0.67880744891783518, 0.018238627944871442, 0.19577998349986206, -0.59672736679916838, -0.25161386776892669, -0.66444620630789053, -0.25218641066185027, -0.3076885615490374, 0.37934849686470895, -0.39959485041451076, -0.07081532086923914, -0.19482800510367329, -0.20508101330596629, 0.22706067994382254, -1.218494841407002, -0.53502477170486296, -0.84806049018754981, 0.018976620483554016, 0.57467241650336709, 0.18210544101632198, -0.95481814340662086, -0.31465174558812947, -0.18724199021085672]\\ \hline29 & [-0.452 -1.13  -0.722  0.039  1.183] & [ 0.029] & [-0.10351247572219632, 0.4015594426366948, 1.2611163386268387, 1.1922613806933333, -0.96691890111060219, 0.68915648004107777, -0.18552851190354205, 0.28179095035321572, 0.50551599490905486, -0.59227308898533471, -0.25209735796337523, 0.82732835971798602, -0.17666414682244291, 0.71260491581295937, -0.37244905389119043, -0.85190047554547654, -0.333120304117421, 0.40626075665930783, 0.55538305051756398, 0.45865544552121518, -0.15775428490709217, -0.44887587771060028, 0.2646686137214912, -1.0944502888552818, 1.0299296525825559, -0.11862413264665578, 1.1656944128843625, 0.58379708200801694, 0.13141196375866049, 0.19579199537247741, -0.57570712547422087, -0.25162930527011484, -0.59026536820928832, -0.47166430088384736, -0.29105950433906164, 0.38944477393324867, -0.067322751241492104, -0.075584075950309526, 0.024491779832691817, -0.3197882040750612, 0.46168358261535652, -1.3842346407455315, -0.17940942711668004, -1.040159778148384, -0.031047764847769065, 0.36097301864573023, 0.11074225426282674, -0.82987643340422801, -0.44488649152900001, -0.13630350724229162]\\ \hline30 & [-0.453 -1.13  -0.722  0.039  1.183] & [ 0.029] & [-0.11547980261484972, 0.51418012509367617, 1.1211977309550356, 1.2052415157761427, -0.71113078826454557, 0.52295011823518689, -0.25037122620788482, 0.20236923182703132, 0.56280694861612868, -0.61770921637755438, -0.24526702239389747, 0.88502083333280468, -0.23311674138935168, 0.70387958089117775, -0.18295347108329363, -0.755119831870808, -0.2000310684603134, 0.346029883843747, 0.26511727052373557, 0.63454623642860108, -0.1523785918661002, -0.42009745744941168, 0.26544343894740985, -1.1860088090864813, 1.0471917057626159, -0.25949758523442523, 1.0332870383658024, 0.61096861253637702, 0.363533486066839, 0.32055627778681328, -0.62263023739046608, -0.48898351071674762, -0.73633813125061731, -0.69968030684726346, -0.36505659874188673, 0.49508239177982677, -0.24133186643043217, -0.20437383596777173, 0.08015341117530464, -0.30200053352515233, 0.42653862519774627, -1.241858675882819, -0.11455358642120317, -1.198248280584989, 0.14501564666671601, 0.5331962022302853, 0.078719826824467015, -0.76933893539166842, -0.57620837455738239, -0.12327921036028519]\\ \hline31 & [-0.454 -1.13  -0.722  0.039  1.183] & [ 0.029] & [-0.26560624093393126, 0.51418140151911174, 1.17639350224279, 1.1614613887289711, -0.61583047720994233, 0.81184826378590103, -0.22834175889234365, 0.24680475568019319, 0.82433111863876063, -0.63647915931580124, -0.088117282923248566, 1.0394446568559181, -0.28074707677695143, 0.70388132823565253, -0.3546484362573713, -0.88528098786432052, -0.33205891913189051, 0.28800118864332819, 0.3100133402664656, 0.52461776792448223, -0.079493797970558513, -0.35210318255012785, 0.11927719590033037, -1.2062741154942831, 0.82033955551327731, -0.51284538492953669, 0.95204027686474657, 0.92463836319428094, 0.54388478073117696, 0.32055707355111174, -0.50464240515453707, -0.61208253344456043, -0.77262421321482067, -0.6355391173324707, -0.4991008127473997, 0.374023107084963, -0.28302967985424016, -0.13602510329048267, 0.10832929283959536, -0.43539522539852221, 0.49771343558126563, -1.3307100487479016, -0.10486784895748, -1.1982512551740656, 0.14009642574088385, 0.35951614420971495, 0.079395095367265967, -0.67251817252675883, -0.39575352189090957, -0.042621051413538315]\\ \hline32 & [-0.454 -1.13  -0.722  0.039  1.183] & [ 0.029] & [-0.17780887261830994, 0.58256608328647408, 1.1763702248502206, 1.0805830466003989, -0.60538870351852925, 0.93096955435924433, -0.28767802841571682, 0.35134967058917432, 0.93688470849368088, -0.68094286638540935, -0.039557407595915334, 1.1192275611638951, -0.11770131491514918, 0.76589429912302398, -0.41688778123734255, -0.8877963762942479, -0.27030766088893843, 0.53789771179812818, 0.18438651339052906, 0.1497380054415188, -0.087266017282309954, -0.3566283772763153, 0.17622998616434299, -1.3056867678923358, 0.7413251893595475, -0.39378969748490228, 0.78509530455953846, 0.8561356298518612, 0.45358050159923652, 0.33377953264738441, -0.71384308931057638, -0.56945829845648788, -0.59543657415948548, -0.58604871464801622, -0.68338846547456411, 0.42159920487883618, -0.33749113675973424, -0.16646314275362459, 0.26502418186358356, -0.33228124956250454, 0.56929084651924866, -1.244024263843847, 0.012912867161522389, -1.0589370043648001, 0.17436592360600378, 0.31692452915517033, 0.34562315283339778, -0.76654578004547502, -0.37769301561551138, 0.11369340674956328]\\ \hline33 & [-0.455 -1.13  -0.722  0.039  1.183] & [ 0.029] & [-0.095896261945358927, 0.69502447494191233, 1.5636653721151379, 1.0340727925310109, -0.56107216009983263, 0.86623938193898264, -0.28573185239742144, 0.26532391905582442, 0.97308232823168295, -0.6237306490054404, -0.24753246394419892, 1.0995529416282102, 0.13369982461692584, 0.71617440048309378, -0.58263161235229433, -0.89639433445871985, -0.20852001103999407, 0.50019453149273463, 0.21164312196904189, -0.06528978672476142, 0.062495338863746148, -0.54198175880806831, 0.1470787987933212, -1.2882348449115542, 0.62892063947594912, -0.43234448872545, 0.74732951748918908, 0.80100918609361038, 0.3155657868969724, 0.24633289799029787, -0.64805952939337452, -0.46945533528907002, -0.46713674342580774, -0.48151727944797362, -0.68021529802202085, 0.35237888778473697, -0.35853595415844153, -0.086604733381259832, 0.26804349333907501, -0.28340347864608362, 0.43447676113580141, -1.2400891799802185, 0.18104858558434006, -1.011526308321107, 0.1743692150286717, 0.60139785002760837, 0.37798802802996978, -0.63420748711476427, -0.48617744989066852, 0.014393222252207216]\\ \hline34 & [-0.455 -1.13  -0.722  0.039  1.183] & [ 0.029] & [0.015779163238465767, 0.74831077980129024, 1.5636755484750735, 1.1042784022147498, -0.70256916926874013, 0.85412344295954712, -0.044283464281417516, 0.2631581165304942, 1.0538138116124784, -0.54571207832826352, -0.12610186687496094, 1.0457546555175536, 0.11502093775537764, 0.79568820701802367, -0.5826354041284012, -0.73976998280772477, -0.25250884383851535, 0.37829124781076989, 0.11695428017371566, -0.23477729422726659, -0.017327280080563924, -0.38713065840666472, 0.018566054777098089, -1.4270076479424703, 0.6647911683645682, -0.41525256836663593, 0.78476740833187564, 0.95033729746964257, 0.44337940750059085, 0.22529014498852501, -0.61323634332641608, -0.35236030397308415, -0.48651991543931294, -0.53201126661184006, -0.70917678224977887, 0.26211937577843741, -0.39207342435194964, -0.20931127679571757, 0.16264727205092536, -0.27991450732804019, 0.36261762254242125, -1.2660791934551126, 0.15318407875377038, -0.83957220715101288, 0.20275882692052524, 0.54595587677668134, 0.50010240826864394, -0.56065716884054795, -0.48123551517032109, 0.0061639497891120111]\\ \hline35 & [-0.455 -1.13  -0.722  0.039  1.183] & [ 0.029] & [0.1010860238841795, 0.67516309633445259, 1.5038208706092084, 1.1059759001819855, -0.76430779387089021, 0.72410530161300657, 0.02482745613001492, 0.057120843539122029, 1.0222617312197366, -0.41269769636016024, 0.069788080468453167, 0.92293931087179737, 0.075781596752784786, 0.72116797906327224, -0.61748346163251122, -0.66744181849770201, -0.23684655309699243, 0.10242517915146071, 0.22480423623995813, -0.30490197270159858, 0.086116535576893666, -0.32184563184551962, 0.10982189024328032, -1.5834999482241896, 0.59507767720456728, -0.32687965737121322, 0.76377446585926323, 1.0208322500949911, 0.3583816523705306, 0.18530667231103229, -0.6383963646216162, -0.41520147861219492, -0.66636359813177337, -0.45085038449044296, -0.49952972072793111, 0.24244556778612847, -0.31567913522475732, -0.27103870758060189, 0.2316567895917617, -0.26266752502840013, 0.2698582825114455, -1.2316334012021986, 0.21312846085739454, -0.63227659719607143, 0.20761752281710397, 0.53811863071596211, 0.13563083148689609, -0.56066147818572865, -0.47417509384977807, -0.06719011694481368]\\ \hline36 & [-0.456 -1.13  -0.722  0.039  1.183] & [ 0.029] & [0.21926293874583974, 0.66128529378622947, 1.6183567911249561, 1.1756688155369919, -0.66592178479536024, 0.6782392485335994, 0.06827582146442536, -0.050776808878995695, 1.1524783755859853, -0.5589541417368713, 0.10258445196553559, 0.8609789864935351, 0.061009064005987775, 0.70487182640732859, -0.63497648413190544, -0.69078411789273209, -0.26213687652511991, 0.11309068566183372, 0.2248035017521918, -0.41564853400091639, -0.011366081474347738, -0.41192468253778625, 0.26500393689348251, -1.6054878095275484, 0.81144492610622876, -0.36958556227450617, 0.89808858480878395, 1.0327074670134515, 0.50575940040699285, 0.094373177207295336, -0.72811787500786462, -0.50755059249328605, -0.63516753559900752, -0.3937810322995498, -0.51304794156443279, 0.40959188499840393, -0.39201584393596572, -0.40125185507268585, 0.18762206557835975, -0.24740137243975863, 0.4736314018231006, -1.2056906370861422, 0.13582724277817881, -0.8446261667559033, 0.29126187280897947, 0.62793051849111425, -0.045667983812619592, -0.60883172732405266, -0.44108002941478952, -0.079777298571418159]\\ \hline37 & [-0.456 -1.13  -0.722  0.039  1.183] & [ 0.029] & [0.21926289454067424, 0.63215100131949054, 1.6140233608879384, 1.037954828457363, -0.48959976985985865, 0.84704870777155861, 0.12991610234869153, -0.030316040234539984, 1.1728212789774641, -0.55809904938296695, 0.25415183933124436, 0.71941042843565717, 0.18814874333710979, 0.47234555249143212, -0.3579894314883324, -0.84389160213010883, -0.30188841228373164, 0.17257357044566071, 0.073833193673466774, -0.53474151558093541, 0.058060073218395077, -0.26699471690730253, 0.4533319862249961, -1.6599697783683047, 0.81144476251242925, -0.38083806704909329, 0.77517025550709862, 0.97955436397619988, 0.62354334907191133, 0.15774613423518208, -0.75658583850494632, -0.51717438883042166, -0.62754353543843933, -0.31764923552845364, -0.72674800966986652, 0.45618121814018425, -0.39201576490243017, -0.32396484728578934, 0.078821571237189428, -0.10461878782126142, 0.59828732874131985, -1.1825381492143585, 0.10825316032094648, -0.87557082970798106, 0.22449603915271349, 0.75589444392054916, -0.14345921725542179, -0.75752990813162346, -0.37753445574275035, -0.095845446046272695]\\ \hline38 & [-0.456 -1.13  -0.722  0.039  1.183] & [ 0.029] & [0.32234254695593478, 0.63214968231109514, 1.5799884757744262, 0.96810895424552734, -0.73120959328915069, 0.82463223466708591, 0.12732922048345224, -0.077885069219494521, 1.0592080958251964, -0.63298359979938901, 0.087265581459660013, 0.69410834197131088, 0.29635894729479634, 0.44795271567966216, -0.42668966505894163, -0.75854681441656224, -0.18992716750784674, 0.19039145302719052, 0.10987229162689194, -0.64292899083715804, 0.061861830618017186, -0.36141631773528832, 0.32283896284120844, -1.5089339258378907, 0.9024663279073617, -0.25778004899373824, 0.69884127998692747, 0.95428463022896393, 0.80919674192574853, 0.24278648918593715, -0.82902548630202888, -0.70059357217656149, -0.41063469816121195, -0.35138069202988043, -0.74323227178987383, 0.32842382650967955, -0.42835778660278095, -0.31530093152613864, 0.0079374116239908001, 0.044923617051781634, 0.47881656580525112, -1.1854450430339873, 0.32551185312772274, -0.74370494108799901, 0.091232412027179396, 0.75283348493282265, -0.12456136361401179, -0.53310825566303988, -0.17132251698351986, 0.052446860063950003]\\ \hline39 & [-0.456 -1.13  -0.722  0.039  1.183] & [ 0.029] & [0.39304417738194553, 0.68999879473671721, 1.5355789434247473, 1.0019903844049147, -0.54704969528263236, 0.91147670971647787, 0.14675202462640946, 0.0051503752587425461, 1.0831200773107161, -0.59166422013840803, 0.25763986291575508, 0.70951925000187577, 0.20199916516997476, 0.43286173570368647, -0.34135015758092208, -0.6911806877998633, -0.16892605196153565, 0.37388911650701789, 0.038506648059028127, -0.86908380926809559, 0.10368895185264412, -0.45794734596782399, 0.28652356978810239, -1.2498267183550906, 0.9976682761511414, -0.19448960026078854, 0.72828318650661716, 0.88287613786396213, 0.8516615138520679, 0.39013309211449104, -0.97038845895618853, -0.88518755697694063, -0.27816472428864364, -0.3821151329781603, -0.60748158679893149, -0.01048199501059642, -0.4544136778472207, -0.49964540150993952, -0.062325575995862734, -0.072277381942437824, 0.40995784885014297, -1.1435184706394765, 0.11782885420214986, -0.80050519152214816, 0.30984384701958595, 0.81771883811392243, -0.24097819205982896, -0.63796709571169485, -0.19045049170678133, 0.092593190322689894]\\ \hline40 & [-0.456 -1.13  -0.722  0.039  1.183] & [ 0.029] & [0.49189496414447753, 0.76088812159126018, 1.4484252378083529, 0.95687122413023318, -0.53011788539797911, 0.93691079852503634, 0.19071450205494142, 0.38352631704856927, 1.0027134774749225, -0.40687209387160722, 0.25986813021474992, 1.0882577999079017, -0.036086020024658501, 0.52196590124476061, -0.21449338164889944, -0.56520782249420154, -0.32354866158328965, 0.42681463892610355, -0.081379717223291528, -0.7200709128380488, -0.27811502983488379, -0.6470481924072643, 0.23709997018464607, -1.3618607570600167, 0.9490349687655647, -0.22933363201098944, 0.67177042172109158, 0.85272280120396582, 0.85166423067772445, 0.26922853760403848, -0.90879146508733766, -0.97719150853051695, -0.40707207922265143, -0.39787144502851118, -0.59334480908268961, 0.041050897521878682, -0.50245578188464024, -0.34992515506813432, -0.15375005178544632, -0.18343582759020299, 0.28143443717266509, -1.1096683118073127, 0.33284343478629508, -0.71786145694604586, 0.30984483543070868, 0.85912022050349734, -0.23207461693634687, -0.43326204555128101, -0.10688589369489973, 0.18330653275693329]\\ \hline41 & [-0.456 -1.13  -0.722  0.039  1.183] & [ 0.029] & [0.68165752788975531, 0.78302539818231254, 1.4536117541623079, 0.9541487611678755, -0.43253104682541443, 0.96112192279357134, 0.079374228729278754, 0.27752390208588262, 1.0456568609881838, -0.30156722684445053, 0.48025776609220899, 0.94709225245643824, -0.24714173991922522, 0.53156860548614926, -0.20191566724615378, -0.50645136006433755, -0.3404539206061426, 0.48621049546308259, 0.01335741943937549, -0.74695041036302978, -0.20534073850451059, -0.69967025771509472, 0.23842480202118552, -1.3650314040553679, 0.95715852885047081, -0.46600139662662132, 0.65382447647076325, 0.75339573722228914, 0.87093480407567092, 0.18835795009987127, -1.0196491314335756, -0.95020439920373656, -0.29062886998968124, -0.39720543363200411, -0.41892917808235863, -0.13670840722222019, -0.20687938725448454, -0.16387601191717141, -0.15375003257065739, -0.031572359223924124, 0.32600256060405952, -0.99250349467545229, 0.25752412911891337, -0.71786136723188843, 0.28716227274816292, 0.78858457184143793, -0.24730776300345134, -0.14747267812390177, -0.095789299779586501, 0.21041703491966959]\\ \hline42 & [-0.456 -1.13  -0.722  0.039  1.183] & [ 0.029] & [0.68165666084833898, 1.0088593953865055, 1.4256165469517827, 0.93021175978583981, -0.54176090365770946, 1.1236629528893189, 0.089768735897847216, 0.24024156529158339, 0.76685571787574525, -0.1914005082147619, 0.48025715522332441, 0.94312781221570863, -0.30232063369535794, 0.55211540772677681, -0.17676333970079131, -0.5228965415408442, -0.3357529065301994, 0.49033367679501905, 0.0059030766126005468, -0.80704764239928628, -0.064705619329410935, -0.57111274011008129, 0.33005897058968608, -1.4268151339412385, 0.88266847801604809, -0.50383158339108625, 0.58679515632469481, 0.7475311637133808, 0.79049667893198738, 0.25490663498080818, -1.0222815649336294, -0.87280869633753611, -0.33895733756766411, -0.4716111833781767, -0.23241702381441118, -0.31666722707924438, -0.27004349395634608, 0.042894741650445566, -0.09012063279323769, 0.017770474226488732, 0.29375727538994806, -0.92962335254713901, 0.075948862110526816, -0.54305706937438114, 0.29883944529516476, 0.69809480472664864, -0.13185727909271919, -0.25676924057133133, -0.15007709809445882, 0.20929485214960084]\\ \hline43 & [-0.456 -1.13  -0.722  0.039  1.183] & [ 0.029] & [0.66619599952965658, 0.92823143856193202, 1.5221521313260007, 0.85328533755975344, -0.5417608913130656, 1.0627024251983634, -0.063489553154938275, 0.15073978149170794, 0.50316419281749636, 0.11665608042937521, 0.50137298564371213, 0.88920938005031447, -0.51900125627167015, 0.56545998657642449, -0.1661566603487549, -0.48171491853476628, -0.4104696783747967, 0.44062626197282373, -0.0049259814187784341, -0.9266360274820562, -0.0073506104559873629, -0.66071308107322901, 0.3905414377580026, -1.411399109337645, 0.86371380476492166, -0.36851756504104022, 0.41831090270119708, 0.95632642740431684, 0.77629292919635662, 0.20680884755664725, -1.0653037387781776, -0.71050319609634816, -0.34935954185644258, -0.40665734744876314, -0.072926463887295193, -0.55724255132362022, -0.27004348780309523, 0.14052550596376018, -0.1329328068563275, -0.041719077611721382, 0.25585828150742634, -0.92678289464494146, 0.27119159069610405, -0.48119563893650624, 0.20302514719466497, 0.79850651912205872, -0.054309524982690857, -0.25191980989674712, -0.32372667583010578, 0.25766577752976344]\\ \hline44 & [-0.456 -1.13  -0.722  0.039  1.183] & [ 0.029] & [0.58165160071542732, 0.93731882952833001, 1.2536054259962222, 0.70418965978468762, -0.34116644223437476, 1.1316871266860047, -0.29836368517424927, 0.25448689633392674, 0.57965095396845068, 0.11665614822641673, 0.55779312488292732, 0.89284189829777605, -0.55889483058791223, 0.63036467486892478, -0.26221097861139825, -0.66442369135079649, -0.55057894552550346, 0.55816653798080951, 0.19275717982843052, -0.92811006540732599, 0.12010253471523227, -0.72505862876195715, 0.34388792895966352, -1.4228890098015108, 0.86371430672967542, -0.3823833565608265, 0.41934408224478775, 1.068537571518557, 0.61250434127291753, 0.30914015197220507, -1.0685217847475883, -0.61323694770860471, -0.45598874918503818, -0.47316912849006915, -0.072926506269985245, -0.44307011992748258, -0.47300692783457882, 0.12566901247483192, -0.10781267944174122, 0.14931565322732496, 0.15515980385636471, -0.68169600672152364, 0.47740296945449301, -0.55557830561342103, 0.066709527544520905, 0.5636047656515345, -0.098743104998140888, -0.18613607854245029, -0.10042864574260151, 0.28005622609030417]\\ \hline45 & [-0.456 -1.13  -0.722  0.039  1.183] & [ 0.029] & [0.36104443056557534, 0.73500707991841274, 1.535466571445901, 0.95116244680849671, -0.19870640266550457, 1.1316883640122903, -0.47747355517695367, 0.25448717457631259, 0.66742725621871268, -0.12265983223717251, 0.72334056105156275, 0.9260378748119048, -0.7188475555744791, 0.63036536407600618, -0.25275350200794872, -0.72970633782313721, -0.50867080648181773, 0.55816714825030267, 0.18990498646323656, -0.81465188215115591, 0.27332417354564659, -0.87813564893024953, 0.34388830494836548, -1.3647790200817351, 1.0125847475159409, -0.35404621520935403, 0.40634672059674976, 0.91273139220401778, 0.63815511559362459, 0.14803466195283765, -0.92000271072012585, -0.89691840609412832, -0.5139943352160512, -0.59245210838013085, -0.038365486886362765, -0.26066754322644869, -0.35431533812556276, -0.057157474124435205, 0.067833845036375406, 0.32958707163020046, 0.22474394697311184, -0.51774319903676203, 0.3357832591673921, -0.39641364327076223, -0.026900332029949681, 0.58159130913661372, 0.066906004988364964, -0.22196753751809384, 0.049839359090017417, 0.22977765255892749]\\ \hline46 & [-0.456 -1.13  -0.722  0.039  1.183] & [ 0.029] & [0.28551731945521469, 0.70464896445887204, 1.8205196787550162, 1.1386722199142045, -0.27162367764032946, 1.1012361301885909, -0.46204105423521413, 0.35065690300045221, 0.86897856720816924, -0.10990166761300919, 0.88030405543127943, 0.6568707909260989, -0.50626726595391991, 0.79407618876475661, -0.32850004808057531, -0.74214669756258933, -0.49473730870968569, 0.61321361991226087, 0.18783085987029707, -0.80685383963026636, 0.30703364639925784, -0.94071154867716844, 0.37582910719884033, -1.2930109832141334, 1.0200888981427318, -0.15467993738998329, 0.42556560955711809, 1.0362951107783183, 0.60905747359896534, 0.23605611383626995, -0.85632334143069644, -0.9483311474547973, -0.39456141419004231, -0.79207410047093496, 0.16453168616243305, -0.15925200379052296, -0.14599053226023018, 0.10006703389415039, 0.16230630996605941, 0.34009649699574035, 0.21169364257500742, -0.5184242797429075, 0.30833303247454208, -0.56211646541576621, -0.087543749957527769, 0.42499900652731948, 0.28816390581381851, -0.35971583994634221, 0.18940237096715426, 0.34106215356508396]\\ \hline47 & [-0.456 -1.13  -0.722  0.039  1.183] & [ 0.029] & [0.26902665338908521, 0.63417776904987477, 1.9065081573600045, 1.192915026148613, -0.22822521882787386, 1.0566697059313905, -0.2674052966003827, 0.52916277230160935, 0.93600588067439006, -0.087026325582740247, 0.83461138209749752, 0.74509583822456005, -0.52001151413427416, 0.79202011682880469, -0.17248455234514015, -0.74451664558985053, -0.4671291807731921, 0.6516360954369832, 0.12605347236379558, -0.71067487349385505, 0.38127605098073586, -0.97203953530167575, 0.2708498739620806, -1.2808426385915235, 1.0200890569915815, -0.28115055769876263, 0.44687002886523802, 1.036295272150809, 0.43867095034084408, 0.34331567380114741, -0.9575956089712514, -0.8996337290625076, -0.24771043796860812, -0.81450909884863409, 0.25803584700024113, -0.18630257798813149, -0.3511580282147076, -0.171691751257671, 0.25052271535875092, 0.12947860300784492, 0.2457210441196975, -0.57920089261406615, 0.28658834785038317, -0.46881092227033999, -0.26495131539871258, 0.47240750526232361, 0.28816395068687323, -0.33303455629933082, 0.29227372199852375, 0.40476212705743081]\\ \hline48 & [-0.456 -1.13  -0.722  0.039  1.183] & [ 0.029] & [0.37532916316469767, 0.60831717334392477, 1.9065095967141732, 1.0148752947813124, -0.13389755751761381, 1.3861170793084387, -0.37441199429459149, 0.61982558266183774, 0.96574723182423361, -0.0097146955223981757, 0.99399128078235921, 0.90369858949339865, -0.52001190672674102, 0.91127070029037849, -0.18373236354856365, -0.77728755132355465, -0.48741433757645741, 0.69238686215034362, 0.30044276746081533, -0.83666012125983902, 0.40742843881542873, -0.99458266782386517, 0.43190638206632287, -1.2337069973265418, 0.85802060156056426, -0.37135557286646048, 0.3095749987591318, 1.0809283245350019, 0.72743130591198402, 0.13095219117397008, -0.91259495875209651, -0.79542394997008603, -0.46430930864859288, -0.74537791966902311, 0.34654046201515842, -0.44885964542034296, -0.48867283264238826, -0.12832342623401968, 0.21654524927005658, 0.19855344113567991, 0.32574292656556497, -0.86216595877180102, 0.13271595610450995, -0.36972519100340978, -0.25430602201907115, 0.38030035863762834, 0.22553939292261369, -0.3446609691668775, 0.29227394265606388, 0.45884710672891388]\\ \hline49 & [-0.456 -1.13  -0.722  0.039  1.183] & [ 0.029] & [0.51880102451567578, 0.60831777447174928, 1.8827399123400297, 0.9602496996259382, -0.10825605389491604, 1.51931681109464, -0.46755252146808424, 0.50907171771484783, 0.90432892495965778, 0.027226967065891287, 1.0764612791066799, 0.64498174695533139, -0.4428802491973568, 0.65572134862207387, -0.25860485494007079, -0.78707311488584175, -0.52740317874910558, 0.453873795482653, 0.24839821144246144, -0.86759777657102832, 0.37561583877115357, -0.90810280321980652, 0.46650959088516553, -1.1619988309921767, 0.85802144944071657, -0.19799804430145135, 0.40862765156274788, 1.1109727593463203, 0.80328254053572623, 0.087140748356627148, -0.87410441334517486, -0.58797053413304778, -0.60123049347847968, -0.76874370366302902, 0.48151675554759693, -0.3368469258491541, -0.43588353431022786, -0.20708671348141511, -0.0023564102090796717, 0.19855363734253276, 0.39243981041253695, -0.86425577141096099, 0.16135765669916277, -0.31076847575997874, -0.36373780582142712, 0.30053012155165648, 0.13025029872261298, -0.40088840544841703, 0.35316842926786207, 0.59975598659623341]\\ \hline
    \end{tabular}
    \end{center}
    