
    \begin{center}
    \begin{tabular}{c|c}
    parameter & value \\
     Starting value of $\beta $  & [0, 0, 0, 0, 0] \\
     \hline
     Starting value of $\eta$ & 0.05 \\ 
     \hline
     Real values of $\beta$ & [-1, -1.2, -0.65, -0.25, 1.55] \\
     \hline
     Real value of $\eta$ & 0.12  \\
     \hline
     $n$ & 100  \\
     \hline
     $X$ & $\mathcal{U}([5, 5, 5, -5], [10, 10, 10, 10])$  \\
     \hline
     Censure & $\exp(30)$  \\
     \hline
     Optimization method & (gibbs)  \\
     \hline
     Seed &$1234$  \\
     \hline
     Constante &$Yes$  \\
     \hline
\end{tabular} \begin{tabular}{c|c|c|c}
    Iteration & beta & eta & Frailty mean\\ 
    \hline
    0 & [-0.197 -1.306 -0.876 -0.081  1.529] & [ 0.05] & [0.24665845207471082, 0.26739962229622971, 0.010162144868231112, 0.2683325632288282, 0.0, 0.12452609881267421, -0.22030667784136365, 0.0038190243255928876, -0.12137948501775966, 0.26442970494006096, 0.36621380930486741, 0.035038592467639157, -0.019799299310730347, 0.12801482947862214, -0.001712458743055732, -0.08318991676337556, 0.20432507754216839, 0.13887432855353643, 0.01131714129260571, -0.16866670731744643, -0.31889805496834689, 0.25934824217025032, 0.34847311030431216, -0.22604536206555614, -0.38903627753472264, -0.085541292278492692, -0.068194969634600575, 0.0, -0.082153843699034834, -0.45412356984862945, 0.076492907632435977, -0.25963948801543585, -0.17959624829843213, 0.11049240478525653, -0.099135816127617266, -0.14117210555677137, 0.074350222918416087, -0.001231362059248619, -0.24586934094700072, -0.085680656100703953, -0.19214483387557235, 0.034994958334984796, 0.081803939174179441, 0.10440445524091413, -0.013372772658902377, -0.29821422006841924, -0.19811826938411481, -0.28945240002906603, 0.0062656912676600845, 0.032121853710099804]\\ \hline1 & [-0.277 -1.305 -0.901 -0.104  1.577] & [ 0.142] & [0.70188824596379917, 0.60875295099597748, 0.24625644504950656, 0.76356382907408338, -0.37431844272182152, 0.19630195668057901, -0.73624654995669203, -0.3935476803194477, -1.0582731327318675, -0.22713521103929024, 1.6744626661325133, 0.17337814078331745, 0.50787105688056045, 0.5888079199322428, 0.40986775845292017, -0.23672420007417491, 0.58142491804436969, 0.69780119113083805, -0.047511558675284858, -0.51955125396278712, -0.6693942380049307, -0.020351285229524948, 0.76287647119607027, -0.64323189152419036, -0.86574023307744041, -0.79796770093926073, -0.45327814351650281, 0.0, -0.41861596414177282, -1.5275432592885567, 0.21766727357284837, -0.34625949106212217, -1.0855983677625658, 0.27004107970466024, 0.65743863951130788, -0.20562817764730459, 0.211570076404347, 0.074306114434823198, -0.60457049472765167, -0.24381181718165978, -1.1048518144951369, -0.70231399519848392, 0.23278027935772058, 0.43242387658590897, -0.038053396777121752, -0.52001575096251018, -0.64034591446955069, -1.2948264612753104, 0.23511865932457501, 1.03427713089038]\\ \hline2 & [-0.452 -1.273 -0.905 -0.116  1.589] & [ 0.127] & [0.74374549996956907, 0.51536564784494954, 0.42609385380236509, 0.81302922925220267, -0.33296033841601597, 0.12376959604697411, -0.75190642378042916, -0.35006495503985069, -0.52908433513628661, 0.096301517765812916, 1.4418288962248409, 0.96055860962369655, 0.30037954527137456, 0.29546640784237815, -0.23713901169312618, 0.38759499258908858, -0.28906157249103753, 0.50516042783917758, -0.47320866250680732, -0.31683002824688355, -0.219210160463985, 1.127010119977929, 1.0273090299734366, -0.32256697803242967, -1.2013153192884443, -0.67211220552537887, -0.021270467372500126, -0.0075226644440389775, -0.64811133522264985, -1.6750594009727509, 0.87396675412428315, -0.30800159480648692, -1.189267594729353, 0.68652744241131136, 0.94740029983881358, 0.85172057978617044, 0.45441347933767573, -0.36811323199957441, -0.79418574159553346, -0.83374688178192691, -1.5098976998964071, -0.1350313479600356, 0.55708393277777046, -0.33899945806461373, 0.17590393721342451, -0.73965332195910216, -0.83589860841633468, -0.1580102222849713, -0.19692100382428082, 1.7720366458232484]\\ \hline3 & [-0.595 -1.279 -0.895 -0.12   1.606] & [ 0.136] & [0.80168983270429583, 0.43037501853452681, 0.28600561776430644, 1.4706911899791639, -0.074965843994379791, 0.91528384466038792, -0.81048656444238176, -0.020308185609855523, -0.57578868332612843, 0.29510772781641786, 1.0374466405083922, 0.58742407731881796, -0.76775289529606949, 0.37786003038605015, 0.55984350418419315, 0.58773420526917297, -1.857939199429705, 0.12557412824258476, -0.070960263302040513, -0.43357578000819758, 0.90018452323750098, 0.48089754295348902, 1.7364690724088652, -1.4205125718597977, -1.4303770704782337, -0.96650176958034639, -0.022927624342062598, -0.0081087463384705103, -0.87519540130504847, -1.8653991873168916, 0.99777396114119321, -1.067470961642097, -0.56598894604146954, 1.0292258142703705, 1.0212111372947528, 0.13513956307196867, 0.010499921074840411, -0.17616281915688148, -0.75224430408801379, -1.2767705471153894, -1.549387493519079, 0.2036588978503705, 0.02942944753727967, -0.30768234882534479, -0.55775881896821033, -0.78205551778053506, -2.0832228536092687, -0.65715066155197477, -0.836743889713356, 1.4229072161133933]\\ \hline4 & [-1.072 -1.265 -0.854 -0.126  1.626] & [ 0.113] & [0.66669365399007807, 0.35246944720460416, 0.16834227513177352, 1.3626333679005187, -0.40670453870770212, 0.22683719563154289, -0.28137869178959379, -0.43256648846893481, -0.81286698037765581, -0.31840814720541877, 0.74922235261777981, 1.0775305278565284, -0.69163289844274967, 0.56424008848920448, -0.035693877630261529, 0.044352628809851115, -2.3700005263077868, -0.023223036956173199, 0.65237706229684023, -0.62342173123691413, 0.62414819863466708, 0.54585386764117039, 1.4440658515274498, -1.1813131194110718, -1.3759103769600454, -1.0528768855445569, 0.4291299224860658, -0.31272820907053117, -0.36432907778471729, -1.7067037162249374, 0.68246335717029194, -0.63410027570709437, -0.69733606139470428, 0.72330351994315045, 1.026669029175947, 0.11238347478993871, -0.077546147311721839, -0.14649884382931291, -0.46653849671805298, -1.3754612467722604, -1.2973086422637841, 0.098447656525405061, 0.024473836530212432, -0.31128107708563529, -0.18619845332916848, 0.29281857003906608, -2.3210106969123134, -0.74032494958477035, -0.98502803577080833, 0.51591293175819952]\\ \hline5 & [-1.107 -1.266 -0.866 -0.127  1.638] & [ 0.122] & [1.1237196062730712, 0.64828392314294936, 0.86198533345505379, 1.3529729701816868, -0.58133727324079487, 0.2448939368070526, 0.48441827364664508, -0.46699973519347038, -0.61056727697775393, -0.40421301400078447, 1.0462389936444221, 1.5431981594752016, -0.74668840290214133, 0.62242021737668984, -0.29057969433498221, -0.58342849614810488, -2.4891410693295888, -0.043152985275939922, 0.70430771560057637, -1.8932766487066333, -0.053093444118611006, 0.23558179981635824, 0.7211006724107345, -1.2470472947679097, -0.60203326809702595, -1.3395695634991855, -0.39979546850777364, -0.33762206439150588, -0.50326719656906005, -1.7983265710357155, 1.2102811486883358, -0.68457605647966446, -0.75498431324772652, 0.70041884288152667, 0.31602894590972452, -0.39979087445900863, 0.44577645098226198, -1.2010023785409776, -1.1257595216910803, -1.2980053353622618, -0.84525911817694566, 0.50959190319020131, 0.026422007907342299, -0.1219159554112091, 0.071315214744162109, 0.31399675833463297, -2.367787301969416, -0.74775213268388396, -1.110095635274166, 0.81024820862999347]\\ \hline6 & [-1.139 -1.257 -0.867 -0.126  1.635] & [ 0.122] & [1.1211294253294448, 0.64678962451684163, 0.85999845169919864, 1.4022667057489762, -0.57999728707470666, 0.046526024879312414, 0.48330168640002275, 0.020328434250391374, -1.3388083872727734, -0.36910321352387249, 0.86088104318908598, 1.7863374723286241, -0.16822622754599947, 0.59819109256765202, -0.32771326041020332, -0.59634088234642302, -2.1600926260060134, 0.11553612650425132, 0.24314383339672116, -2.5627513058088875, 0.30646389189903034, 1.0229081328450287, 1.3672450890846988, -1.3206565982719811, -0.72131263502738174, -1.2662495965605156, -0.58560695712882804, 0.0043107277421680036, -0.87709289160699988, -1.4368973086162313, 1.5051577705313377, -0.36774640418992399, -1.3159879820850526, 1.0305430058950544, 0.41071858949966394, -0.55798212594157237, 0.61677913587123745, -1.7689111398943642, -0.70800583530988004, -2.0746732113801958, -1.1064220386322181, 0.53326252159695975, -0.48315543139041972, -0.20610474878251187, 0.071150832713992154, -0.77977695128827174, -2.2589648005497227, -0.16632643558532262, -0.95892914963528331, 1.1711066853941527]\\ \hline7 & [-1.238 -1.253 -0.872 -0.121  1.643] & [ 0.123] & [1.0354633332880088, -0.55065079555024943, 0.86265907550721954, 1.4992560027536861, -0.58179165610819672, 0.72002745427605697, 0.33252671227373276, 0.02039132542890398, -1.8804805988921987, -0.43846379568414412, 0.84841499348957217, 1.5567301002748819, -0.38564158773727403, 0.60004174876300542, -0.25972778950925063, -1.0807245401449919, -2.6157748171332331, 0.81231832606218768, 0.24553234453667883, -2.753077995401088, 0.27932693817830179, 0.19207576099262438, 0.55735775268018861, -0.96141802818276545, -1.8573780615510993, -1.5594825332110056, -1.0053277710273061, -0.056071888965575259, -0.87980640141000555, -1.8023449286160873, 1.9770337550771511, -0.9303226258080266, -1.3355738588577377, 1.033731252631146, 0.82011623462394878, -0.55989606995242824, 0.6186872989033303, -2.2737528220392669, -0.89766410523886087, -2.3686322383829763, -1.355795870885063, 0.37588249555956132, -1.0829978572829058, 0.59996498693396316, -0.019908180622108924, -0.08340616828127155, -1.9870153264891388, 0.065818590296935431, -1.448254523385339, 1.1148439966942107]\\ \hline8 & [-1.314 -1.253 -0.87  -0.119  1.649] & [ 0.123] & [1.0400180096349381, -0.80155101124407779, 0.86645364047187157, 1.3650015730343348, -0.67019118419884582, 0.65846568497801705, 0.33398939231504915, 0.020481020432703532, -1.9801122415926715, -0.044023204898883235, 0.85214690323374098, 1.563577664585788, 0.063888124083633271, 0.81725961125367785, -0.33389404971373932, -1.017943193064109, -2.6272807848536526, 0.60130102551030795, 0.24661236381511739, -2.6914303602355116, 0.64546040087376755, -0.2737190081538492, 0.10507228646337065, -0.88643935803755991, -1.7613291025680191, -1.6084793282214982, -0.61920046050401956, -0.056318531505382234, -0.39878528421650195, -1.119419238284064, 1.8273255274434481, -0.29544642805733323, -1.9190539059353333, 0.37600868431472306, 0.76276435029962775, -0.92306968784282506, -0.31936630024071805, -2.2837543429665419, -0.80848876365556033, -2.6718039470643831, -2.1216172165818246, 0.63834628502106783, -1.4114360808643922, 0.96829343371924903, -0.069447700511298324, -0.5945748465778139, -2.1788937321724497, 0.20644469580359606, -1.697708252299529, 1.4008780400768412]\\ \hline9 & [-1.358 -1.249 -0.868 -0.117  1.648] & [ 0.123] & [1.0404640566945711, 0.020936349241045923, 0.63612934876849869, 1.5178600590977389, 0.35488882955654683, 0.87443788282407942, -0.19040897216383804, 0.45811759553355397, -2.8115018694988527, 0.23035142523991214, 0.7781057297697711, 0.6185844062414928, 0.0054608770967044008, 0.81761012080560813, 0.29473124717155469, -1.2410605774653845, -2.6315366643268292, 1.24708660321037, 0.24041333521221406, -2.1662469620539038, 0.48225865362494191, -0.80082059492239099, 0.10511735028341196, -1.229311104105776, -1.488933342666958, -1.6057005622076683, -1.2626080061826566, -0.056342685621126487, -1.3041449112992776, -1.5295675507961239, 1.8281092380820696, -0.5690950221110358, -1.9232662170749808, 0.37616994841446111, 0.76309148770733815, -0.8454917745849998, -0.1669004534575543, -2.2847338086105666, -0.78286532043158741, -3.9129135840180025, -1.6516279414220618, 0.29292127057732287, -1.870322174278467, 0.74980133446148034, 1.4132183577723556, -0.61186509091507268, -1.8878852073340526, -0.4487859869509877, -1.2358870515312028, 0.30794692065993312]\\ \hline
    \end{tabular}
    \end{center}
    