
    \begin{center}
    \begin{tabular}{c|c}
    parameter & value \\
     Starting value of $\beta $  & [0, 0, 0, 0, 0] \\
     \hline
     Starting value of $\eta$ & 0.05 \\ 
     \hline
     Real values of $\beta$ & [-1, -1.2, -0.65, -0.25, 1.55] \\
     \hline
     Real value of $\eta$ & 0.12  \\
     \hline
     $n$ & 100  \\
     \hline
     $X$ & $\mathcal{U}([5, 5, 5, -5], [10, 10, 10, 10])$  \\
     \hline
     Censure & $\exp(30)$  \\
     \hline
     Optimization method & (gibbs)  \\
     \hline
     Seed &$1234$  \\
     \hline
     Constante &$Yes$  \\
     \hline
\end{tabular} \begin{tabular}{c|c|c|c}
    Iteration & beta & eta & Frailty mean\\ 
    \hline
    0 & [-0.197 -1.306 -0.876 -0.081  1.529] & [ 0.05] & [0.24665845207471082, 0.26739962229622971, 0.010162144868231112, 0.2683325632288282, 0.0, 0.12452609881267421, -0.22030667784136365, 0.0038190243255928876, -0.12137948501775966, 0.26442970494006096, 0.36621380930486741, 0.035038592467639157, -0.019799299310730347, 0.12801482947862214, -0.001712458743055732, -0.08318991676337556, 0.20432507754216839, 0.13887432855353643, 0.01131714129260571, -0.16866670731744643, -0.31889805496834689, 0.25934824217025032, 0.34847311030431216, -0.22604536206555614, -0.38903627753472264, -0.085541292278492692, -0.068194969634600575, 0.0, -0.082153843699034834, -0.45412356984862945, 0.076492907632435977, -0.25963948801543585, -0.17959624829843213, 0.11049240478525653, -0.099135816127617266, -0.14117210555677137, 0.074350222918416087, -0.001231362059248619, -0.24586934094700072, -0.085680656100703953, -0.19214483387557235, 0.034994958334984796, 0.081803939174179441, 0.10440445524091413, -0.013372772658902377, -0.29821422006841924, -0.19811826938411481, -0.28945240002906603, 0.0062656912676600845, 0.032121853710099804]\\ \hline1 & [-0.277 -1.305 -0.901 -0.104  1.577] & [ 0.142] & [0.70188824596379917, 0.60875295099597748, 0.24625644504950656, 0.76356382907408338, -0.37431844272182152, 0.19630195668057901, -0.73624654995669203, -0.3935476803194477, -1.0582731327318675, -0.22713521103929024, 1.6744626661325133, 0.17337814078331745, 0.50787105688056045, 0.5888079199322428, 0.40986775845292017, -0.23672420007417491, 0.58142491804436969, 0.69780119113083805, -0.047511558675284858, -0.51955125396278712, -0.6693942380049307, -0.020351285229524948, 0.76287647119607027, -0.64323189152419036, -0.86574023307744041, -0.79796770093926073, -0.45327814351650281, 0.0, -0.41861596414177282, -1.5275432592885567, 0.21766727357284837, -0.34625949106212217, -1.0855983677625658, 0.27004107970466024, 0.65743863951130788, -0.20562817764730459, 0.211570076404347, 0.074306114434823198, -0.60457049472765167, -0.24381181718165978, -1.1048518144951369, -0.70231399519848392, 0.23278027935772058, 0.43242387658590897, -0.038053396777121752, -0.52001575096251018, -0.64034591446955069, -1.2948264612753104, 0.23511865932457501, 1.03427713089038]\\ \hline2 & [-0.452 -1.273 -0.905 -0.116  1.589] & [ 0.127] & [0.74374549996956907, 0.51536564784494954, 0.42609385380236509, 0.81302922925220267, -0.33296033841601597, 0.12376959604697411, -0.75190642378042916, -0.35006495503985069, -0.52908433513628661, 0.096301517765812916, 1.4418288962248409, 0.96055860962369655, 0.30037954527137456, 0.29546640784237815, -0.23713901169312618, 0.38759499258908858, -0.28906157249103753, 0.50516042783917758, -0.47320866250680732, -0.31683002824688355, -0.219210160463985, 1.127010119977929, 1.0273090299734366, -0.32256697803242967, -1.2013153192884443, -0.67211220552537887, -0.021270467372500126, -0.0075226644440389775, -0.64811133522264985, -1.6750594009727509, 0.87396675412428315, -0.30800159480648692, -1.189267594729353, 0.68652744241131136, 0.94740029983881358, 0.85172057978617044, 0.45441347933767573, -0.36811323199957441, -0.79418574159553346, -0.83374688178192691, -1.5098976998964071, -0.1350313479600356, 0.55708393277777046, -0.33899945806461373, 0.17590393721342451, -0.73965332195910216, -0.83589860841633468, -0.1580102222849713, -0.19692100382428082, 1.7720366458232484]\\ \hline3 & [-0.595 -1.279 -0.895 -0.12   1.606] & [ 0.136] & [0.80168983270429583, 0.43037501853452681, 0.28600561776430644, 1.4706911899791639, -0.074965843994379791, 0.91528384466038792, -0.81048656444238176, -0.020308185609855523, -0.57578868332612843, 0.29510772781641786, 1.0374466405083922, 0.58742407731881796, -0.76775289529606949, 0.37786003038605015, 0.55984350418419315, 0.58773420526917297, -1.857939199429705, 0.12557412824258476, -0.070960263302040513, -0.43357578000819758, 0.90018452323750098, 0.48089754295348902, 1.7364690724088652, -1.4205125718597977, -1.4303770704782337, -0.96650176958034639, -0.022927624342062598, -0.0081087463384705103, -0.87519540130504847, -1.8653991873168916, 0.99777396114119321, -1.067470961642097, -0.56598894604146954, 1.0292258142703705, 1.0212111372947528, 0.13513956307196867, 0.010499921074840411, -0.17616281915688148, -0.75224430408801379, -1.2767705471153894, -1.549387493519079, 0.2036588978503705, 0.02942944753727967, -0.30768234882534479, -0.55775881896821033, -0.78205551778053506, -2.0832228536092687, -0.65715066155197477, -0.836743889713356, 1.4229072161133933]\\ \hline4 & [-1.072 -1.265 -0.854 -0.126  1.626] & [ 0.113] & [0.66669365399007807, 0.35246944720460416, 0.16834227513177352, 1.3626333679005187, -0.40670453870770212, 0.22683719563154289, -0.28137869178959379, -0.43256648846893481, -0.81286698037765581, -0.31840814720541877, 0.74922235261777981, 1.0775305278565284, -0.69163289844274967, 0.56424008848920448, -0.035693877630261529, 0.044352628809851115, -2.3700005263077868, -0.023223036956173199, 0.65237706229684023, -0.62342173123691413, 0.62414819863466708, 0.54585386764117039, 1.4440658515274498, -1.1813131194110718, -1.3759103769600454, -1.0528768855445569, 0.4291299224860658, -0.31272820907053117, -0.36432907778471729, -1.7067037162249374, 0.68246335717029194, -0.63410027570709437, -0.69733606139470428, 0.72330351994315045, 1.026669029175947, 0.11238347478993871, -0.077546147311721839, -0.14649884382931291, -0.46653849671805298, -1.3754612467722604, -1.2973086422637841, 0.098447656525405061, 0.024473836530212432, -0.31128107708563529, -0.18619845332916848, 0.29281857003906608, -2.3210106969123134, -0.74032494958477035, -0.98502803577080833, 0.51591293175819952]\\ \hline5 & [-1.107 -1.266 -0.866 -0.127  1.638] & [ 0.122] & [1.1237196062730712, 0.64828392314294936, 0.86198533345505379, 1.3529729701816868, -0.58133727324079487, 0.2448939368070526, 0.48441827364664508, -0.46699973519347038, -0.61056727697775393, -0.40421301400078447, 1.0462389936444221, 1.5431981594752016, -0.74668840290214133, 0.62242021737668984, -0.29057969433498221, -0.58342849614810488, -2.4891410693295888, -0.043152985275939922, 0.70430771560057637, -1.8932766487066333, -0.053093444118611006, 0.23558179981635824, 0.7211006724107345, -1.2470472947679097, -0.60203326809702595, -1.3395695634991855, -0.39979546850777364, -0.33762206439150588, -0.50326719656906005, -1.7983265710357155, 1.2102811486883358, -0.68457605647966446, -0.75498431324772652, 0.70041884288152667, 0.31602894590972452, -0.39979087445900863, 0.44577645098226198, -1.2010023785409776, -1.1257595216910803, -1.2980053353622618, -0.84525911817694566, 0.50959190319020131, 0.026422007907342299, -0.1219159554112091, 0.071315214744162109, 0.31399675833463297, -2.367787301969416, -0.74775213268388396, -1.110095635274166, 0.81024820862999347]\\ \hline6 & [-1.139 -1.257 -0.867 -0.126  1.635] & [ 0.122] & [1.1211294253294448, 0.64678962451684163, 0.85999845169919864, 1.4022667057489762, -0.57999728707470666, 0.046526024879312414, 0.48330168640002275, 0.020328434250391374, -1.3388083872727734, -0.36910321352387249, 0.86088104318908598, 1.7863374723286241, -0.16822622754599947, 0.59819109256765202, -0.32771326041020332, -0.59634088234642302, -2.1600926260060134, 0.11553612650425132, 0.24314383339672116, -2.5627513058088875, 0.30646389189903034, 1.0229081328450287, 1.3672450890846988, -1.3206565982719811, -0.72131263502738174, -1.2662495965605156, -0.58560695712882804, 0.0043107277421680036, -0.87709289160699988, -1.4368973086162313, 1.5051577705313377, -0.36774640418992399, -1.3159879820850526, 1.0305430058950544, 0.41071858949966394, -0.55798212594157237, 0.61677913587123745, -1.7689111398943642, -0.70800583530988004, -2.0746732113801958, -1.1064220386322181, 0.53326252159695975, -0.48315543139041972, -0.20610474878251187, 0.071150832713992154, -0.77977695128827174, -2.2589648005497227, -0.16632643558532262, -0.95892914963528331, 1.1711066853941527]\\ \hline7 & [-1.238 -1.253 -0.872 -0.121  1.643] & [ 0.123] & [1.0354633332880088, -0.55065079555024943, 0.86265907550721954, 1.4992560027536861, -0.58179165610819672, 0.72002745427605697, 0.33252671227373276, 0.02039132542890398, -1.8804805988921987, -0.43846379568414412, 0.84841499348957217, 1.5567301002748819, -0.38564158773727403, 0.60004174876300542, -0.25972778950925063, -1.0807245401449919, -2.6157748171332331, 0.81231832606218768, 0.24553234453667883, -2.753077995401088, 0.27932693817830179, 0.19207576099262438, 0.55735775268018861, -0.96141802818276545, -1.8573780615510993, -1.5594825332110056, -1.0053277710273061, -0.056071888965575259, -0.87980640141000555, -1.8023449286160873, 1.9770337550771511, -0.9303226258080266, -1.3355738588577377, 1.033731252631146, 0.82011623462394878, -0.55989606995242824, 0.6186872989033303, -2.2737528220392669, -0.89766410523886087, -2.3686322383829763, -1.355795870885063, 0.37588249555956132, -1.0829978572829058, 0.59996498693396316, -0.019908180622108924, -0.08340616828127155, -1.9870153264891388, 0.065818590296935431, -1.448254523385339, 1.1148439966942107]\\ \hline8 & [-1.314 -1.253 -0.87  -0.119  1.649] & [ 0.123] & [1.0400180096349381, -0.80155101124407779, 0.86645364047187157, 1.3650015730343348, -0.67019118419884582, 0.65846568497801705, 0.33398939231504915, 0.020481020432703532, -1.9801122415926715, -0.044023204898883235, 0.85214690323374098, 1.563577664585788, 0.063888124083633271, 0.81725961125367785, -0.33389404971373932, -1.017943193064109, -2.6272807848536526, 0.60130102551030795, 0.24661236381511739, -2.6914303602355116, 0.64546040087376755, -0.2737190081538492, 0.10507228646337065, -0.88643935803755991, -1.7613291025680191, -1.6084793282214982, -0.61920046050401956, -0.056318531505382234, -0.39878528421650195, -1.119419238284064, 1.8273255274434481, -0.29544642805733323, -1.9190539059353333, 0.37600868431472306, 0.76276435029962775, -0.92306968784282506, -0.31936630024071805, -2.2837543429665419, -0.80848876365556033, -2.6718039470643831, -2.1216172165818246, 0.63834628502106783, -1.4114360808643922, 0.96829343371924903, -0.069447700511298324, -0.5945748465778139, -2.1788937321724497, 0.20644469580359606, -1.697708252299529, 1.4008780400768412]\\ \hline9 & [-1.358 -1.249 -0.868 -0.117  1.648] & [ 0.123] & [1.0404640566945711, 0.020936349241045923, 0.63612934876849869, 1.5178600590977389, 0.35488882955654683, 0.87443788282407942, -0.19040897216383804, 0.45811759553355397, -2.8115018694988527, 0.23035142523991214, 0.7781057297697711, 0.6185844062414928, 0.0054608770967044008, 0.81761012080560813, 0.29473124717155469, -1.2410605774653845, -2.6315366643268292, 1.24708660321037, 0.24041333521221406, -2.1662469620539038, 0.48225865362494191, -0.80082059492239099, 0.10511735028341196, -1.229311104105776, -1.488933342666958, -1.6057005622076683, -1.2626080061826566, -0.056342685621126487, -1.3041449112992776, -1.5295675507961239, 1.8281092380820696, -0.5690950221110358, -1.9232662170749808, 0.37616994841446111, 0.76309148770733815, -0.8454917745849998, -0.1669004534575543, -2.2847338086105666, -0.78286532043158741, -3.9129135840180025, -1.6516279414220618, 0.29292127057732287, -1.870322174278467, 0.74980133446148034, 1.4132183577723556, -0.61186509091507268, -1.8878852073340526, -0.4487859869509877, -1.2358870515312028, 0.30794692065993312]\\ \hline10 & [-1.382 -1.249 -0.867 -0.117  1.649] & [ 0.123] & [1.0415569210929552, 0.31103712172820974, 0.63679751516364058, 1.5194543623412231, 0.036795903948056541, -0.07629609630174064, -0.5180673334193292, 1.1331151537580926, -3.3943339755867621, 1.2429797517440149, 0.93603724840747948, -0.23348455711484623, 0.005466612997069761, 0.81846890779304682, 0.8157778361125162, -1.242364140921155, -2.3697758525261525, 1.777700528764208, -0.25456468214385558, -2.6669600981639068, -0.12682172746482037, -0.48172362061453322, 0.032677325206151506, -1.2306023263556665, -1.9277144562729065, -1.6073871298191214, -1.8070536684168121, -0.17852756917354431, -1.4951279976869578, -1.6034424667703944, 1.9094093341055962, -0.56969277816513586, -1.6863978184410131, 0.37656506321128563, 0.53483060618576361, -0.63476657138364423, -0.35099928048598122, -2.9995127138519151, -0.42287004006541262, -4.1162947514048751, -2.1010323019856325, 0.88865751088283484, -1.6929891626943483, 0.19808762529899041, 1.9507491498863121, -0.10228358386800274, -2.2268190806085979, 0.52842418115025469, -0.94617160024341129, 0.39956003403846285]\\ \hline11 & [-1.411 -1.246 -0.866 -0.116  1.649] & [ 0.123] & [1.0418947335710955, 0.12829455170351592, 0.58641988899799036, 1.1867965466353267, -0.86749536546414951, 0.28265204684519801, -0.51823536034728845, 0.52881698423708079, -3.8892841392857678, 1.144438568556176, 0.93634083725232586, 0.42954271624682211, 0.037749001450011713, 0.81873436521013387, 0.67843324088331758, -1.2570084265145829, -2.216979937229965, 1.771741509308616, -0.25464724616352702, -2.7547771937450531, -0.28112540031996514, 0.29560014860878731, 0.68260053892544814, -1.7395282506287362, -2.3388512188572044, -1.3713376223439713, -1.641617304327347, -0.38937659399165808, -1.3898921635658539, -2.7412248573065332, 2.3439600350238083, -1.2074506386190735, -1.4745045280759435, -0.21130686038114152, 0.30590479303671325, -0.69630606635149839, -0.41860045237460192, -2.5141764095337238, 0.01501799468726289, -4.6046562661027206, -2.1289688030710994, 2.0663536528901734, -1.1819160677777583, 0.0012298041627653688, 2.2604089504550231, 0.21207632547662716, -2.8347500575718918, 0.10345858376669911, -1.2647736994645395, -0.097938658521915384]\\ \hline12 & [-1.414 -1.247 -0.867 -0.116  1.65 ] & [ 0.123] & [1.0819793229262651, -0.13123630009220208, 0.78548815797540483, 1.1872826045415645, -0.86785065212402712, 0.53404624128618683, -0.27115356142436453, -0.087805827369434777, -3.6132912366337639, 1.1262180280523777, 1.1626109790400569, -0.03356064735588022, -0.28212786057780043, 0.93433731012219545, 0.4419524103714339, -0.54917614240964974, -2.2178879114143486, 1.7724671340762734, -0.50072273010151813, -1.7769744533953229, -0.11345459161947424, 0.31056786287028521, 0.68288010107086172, -2.0091716641947857, -1.7731336301800742, -1.3436752522919246, -1.6598854129289569, -0.38953606494103865, -1.0402196047219434, -2.3631812839230739, 3.2919476800920542, -0.45643051371132592, -2.304809052475977, -0.21139340206380963, -0.1751761056973988, -0.27104714294317261, -0.038637404167538872, -2.8624732661900292, 0.94048279924757339, -3.8809196316583323, -3.0151153528193539, 2.0671999373969139, -1.4703719114040907, 0.076757904360780907, 2.4750728308801619, -0.23138079831085942, -2.9955352700807456, -0.069814699828263674, -1.1348332400030177, -0.070202919880314185]\\ \hline13 & [-1.422 -1.247 -0.867 -0.116  1.652] & [ 0.123] & [1.0825992832763183, 0.0064308037993692137, 0.92970456950582603, 1.1879629023287097, -0.30703243496405191, -0.14793647800010643, -0.27130892895616193, -0.087856138988445617, -4.0385467724891999, 2.0370131138476948, 1.513903326910004, -0.26452493474957511, -0.45849739440138093, 0.58481051756049718, 0.82186241546091177, -1.0634547003197867, -1.938957001050609, 1.1882523312854376, 0.47386779710517624, -2.4170150536956911, 0.26967913675856231, 0.31074581429403292, 0.82394045457263088, -2.0103228939289011, -1.5806945493022833, -2.0237199748408248, -1.2094268259463039, -0.80611036180957241, -1.6312694798514082, -2.4098092282813783, 2.7607236550137317, -0.45669204257334722, -2.6097179867110514, -0.053473254506374343, 0.26118663705668288, -0.46843525965043947, -0.13558890778912927, -3.5754996614083554, 0.87395626711553942, -4.5064015639737445, -3.6325963300466442, 2.4345144872192686, -1.7506506324401032, 0.13590458716447684, 2.3346398791987917, 0.36556945774352889, -2.4981008197352139, 0.26979216327494826, -0.16919447585508471, 0.31782157737511074]\\ \hline14 & [-1.431 -1.248 -0.867 -0.116  1.653] & [ 0.124] & [1.0833622620462013, 0.43476579055329651, 0.2669614550341447, 1.4620452825409409, 0.66388907577727241, -0.19500922600619802, 0.0095307441481776046, 0.087835261291839509, -3.6045099829193497, 2.0057423649076243, 1.5149702739475006, -0.26471136283283397, -0.45882052760807973, 0.67981909069451196, 0.83690624274623993, -1.1096626019628146, -2.5368349849604259, 1.787139161231063, 0.32047453197313686, -2.4187184828415855, -0.0017021513180665699, 0.48657362767757473, 0.88882302969948213, -2.8000083570049061, -1.7792402688416016, -2.33659188306008, -1.1660325658220976, -0.80667848068951675, -0.61985107627127978, -1.9484760677752038, 2.2218811408240988, -0.51872006772497958, -2.8298666382048197, 0.10776149284981047, -0.0122006241306769, -0.84501750175668688, 0.060363847191522511, -3.5975482320849856, 0.86155803367209838, -4.3280907461867661, -3.0279929969031105, 2.4362302493645194, -2.343130491742996, 0.43571665711870933, 2.0460822168326045, -0.37737147329302789, -2.6354553417843012, -0.28419827394318153, -0.078576047314181732, 0.61003483722231544]\\ \hline15 & [-1.438 -1.247 -0.866 -0.116  1.652] & [ 0.124] & [0.96973129073375663, 0.80204021763530231, 0.26696239405451971, 1.7712919092216377, 0.66389141096595661, -0.52640799775698477, 0.0095307776719795439, 0.1570037362863802, -4.062630064026779, 1.6080313331241827, 1.2698445409421428, -0.18359499268518947, 0.27453968508043436, 0.51281857272002318, 0.84155659943154981, -1.0304256015168705, -2.5368439081202832, 1.7657255326351629, 0.32047565922244386, -2.9243211876482591, 0.14265686782409026, 0.48657533917015811, 0.66905310253634431, -2.6239113519918118, -2.8302201335203994, -2.5514915135730467, -1.4466077230564724, -1.0097832465694907, -0.61985325655902956, -1.4465680271427304, 1.6674573199873137, -0.51872189229067378, -3.5535199833007853, 0.10776187189418381, 0.12990884923940466, -1.9384802501500797, 0.06036405951761438, -3.1733067035797657, 0.76528285370875448, -3.5564187847662243, -2.9492181896548204, 2.3049227697910548, -2.6048529993893106, 0.295256187267951, 1.414542669860519, -0.16908036983724459, -2.9388787874891369, -0.16815324804627033, 0.13571881067492503, 1.0293486469805477]\\ \hline16 & [-1.446 -1.247 -0.866 -0.116  1.653] & [ 0.124] & [0.52073627997968885, 0.53065850284894289, 0.70750861695702227, 0.5153630638496296, 0.045538242262497412, -0.92517936069244722, -0.18641732579703713, 0.1570463806484988, -3.5228410450409386, 1.0155640925836944, 0.65157905619036316, -0.22166421923634377, 1.5775342367060137, 0.41733146944852356, 0.8278091124660496, -1.0307054792033941, -2.3789400065258768, 0.9573818606558363, -0.20142457711153119, -3.4116668942255566, 0.76910822615444274, 0.15727746660185257, 0.78142519079653794, -2.580511612445457, -3.7098328640437641, -2.1305879726266594, -1.9891095695808487, -0.32179617562761309, -0.5320144225458967, -1.3846380880857181, 1.5012008832769663, 0.094172205313190871, -3.8898952813880161, 0.55573943886356802, -0.15764216943027956, -1.9784986567911784, 0.10068850284428843, -2.8899320141716469, 0.79974762626678997, -3.4037409712688858, -3.8894741735415512, 2.7852450736250431, -2.52225874729108, -0.029095055426404798, 1.747966930692364, -0.16166773771796009, -3.113021033059769, 0.083570202825599474, -0.16422507039272558, 0.64541913625049663]\\ \hline17 & [-1.447 -1.247 -0.866 -0.116  1.653] & [ 0.124] & [0.52078749122864854, 0.22070530047636017, 0.91937134080776028, 0.51541374667543238, 0.13639253392021813, -1.0596162895927008, -0.18643565880829216, 0.80219478812215816, -3.379877273341072, 1.3916231419915566, 1.041642027846668, -0.20864718867069179, 1.577689377612542, 0.94950961490975594, 1.0864209496600659, -1.0418664628977663, -1.9381549716399451, 1.0932369000950077, -0.16802964424942043, -3.9620705868887431, 0.69591124187636177, 0.2489619305670577, 1.7481240344979001, -2.6246994821436549, -3.6637043545543935, -2.2085991746029481, -1.6168566655153336, -0.66998611783387241, -1.0406074134448722, -1.1049747078675412, 1.5013485172620131, -0.21014652087460786, -3.2394198717425269, 0.28635122455344802, -0.17342725647704826, -1.0685933417946276, -0.12307564908356608, -3.0997839834762106, 1.2902674120067026, -3.5136955615651631, -3.9244046230735785, 2.7855189855539075, -2.7964409750672421, -0.40681570220538033, 1.6930848427567615, -0.16168363675761474, -3.2022669860180333, -0.90747806645506213, -0.060260907884632321, 0.67498302713736125]\\ \hline18 & [-1.45  -1.247 -0.866 -0.116  1.653] & [ 0.124] & [0.55128625798822339, -0.21719245337944648, 0.77126255589683235, 0.34443585457510606, 0.36955294896382662, -1.6632766916502579, -0.23460301712505366, 0.90412079889729458, -2.8280407864029127, 0.62843740548752791, 0.92576991781018514, 0.027759556224229778, 1.5554591655301415, 0.58626323244237422, 0.82957419588569314, -1.2297802673991036, -2.2708309416472821, 0.33567733088057677, -0.24771850024384526, -3.5890945392250839, 0.73963115143543212, 0.69469851204518607, 0.89193089829591732, -2.4378987366006131, -3.5737310046223891, -2.8288039973868817, -1.3222748998796536, -0.74666261621206698, -1.3889623986981956, -1.177314731479409, 0.7284499517254962, -0.26753288667949898, -3.1012921032283356, 0.0012055431438439655, -0.26486150150466325, -0.33166478892906714, 0.019085353454087284, -2.1181233851157284, 1.6356288982730451, -2.9326908115257107, -4.455429309049344, 2.7859241790994833, -3.049612836232487, -0.18100091193033227, 1.3896724821814379, 0.18780747635838693, -3.2137466715400946, -1.0589711116661991, -0.060269673694900362, 1.4572262229335837]\\ \hline19 & [-1.451 -1.247 -0.866 -0.115  1.653] & [ 0.124] & [0.49093851463749749, -0.031872539332040657, 0.77124641298799701, 0.79652433924876909, 0.56294134304212851, -1.3651703292589095, 0.029466983964222284, 0.65793820953783166, -2.3866357719886593, -0.51274343397732336, 0.92575054098543019, -0.04233312402882259, 1.9965179570126375, 0.49975872798743926, 0.82955683248523515, -0.7274886372608429, -2.2707834120264141, 1.1574803820573245, -0.32681687164023931, -4.2077573650809548, 0.71637798441454625, -0.069402172067899129, 0.0029406250568629255, -2.1649240103361067, -2.5909993318102167, -1.8317051548108418, -0.72392771995400029, -0.74664698819220254, -0.65204270307891243, -1.0051601715972063, 0.47267540961849058, -0.53151570980334129, -2.8858839980247453, 0.079858053120385894, -0.50842913670455259, -0.57952069592394351, 0.21232468982302552, -2.0760402908093925, 1.6355946637468242, -3.0831924727185793, -3.6655006454246473, 2.6625712991380079, -3.0581640409284963, 0.36005963176208727, 2.3081022827091235, 0.18780354545451217, -4.5718431454781072, -1.1927718320699827, 0.043729725030521464, 1.6794342531282938]\\ \hline20 & [-1.451 -1.247 -0.866 -0.115  1.653] & [ 0.124] & [0.29015028047917113, 0.17117265628616873, 0.77126456824755252, 0.89854093607874796, 0.11087940383286998, -0.35371284035090844, 0.029467677621571191, 0.83919856393053038, -1.7551438964104051, -0.33045783570077486, 0.47453644445243304, -1.5094867806578258, 1.8594119868010435, 0.17640376134737185, -0.0012976108234803144, -0.44532228647087263, -2.1376674548014791, 1.4090383811433584, -0.53269953092384292, -4.4669985426777936, 1.0355821769446953, 0.84452474343097617, -0.029305015980375604, -2.023539584672855, -1.9226656858941122, -1.2698664064186227, -1.6010667225718485, -0.83844929990576489, -0.80180060179274681, -1.2656435046919456, 0.47268653647056097, -0.93690578054547413, -2.2817255658061888, 0.079859932991277457, -0.5966550185547389, -0.61587696471883246, 0.21232968797898299, -1.9123394143563452, 1.6356331658975605, -2.6393577952410223, -3.5790159364651597, 2.6665067350341052, -3.5373694476977775, 1.0666783268635336, 1.9259640976380712, 0.15518130244036152, -4.5362284097136536, -1.5753400047431807, 0.043730754434995633, 1.1523353233996647]\\ \hline21 & [-1.452 -1.247 -0.866 -0.115  1.653] & [ 0.124] & [0.29015940143276769, 0.56457882114800262, 0.93959561641419198, 0.83921844452230432, 0.11088288935732132, -0.2214062286048141, 0.029468603946094265, 0.37859950422838723, -1.1321266691496403, -0.31857646947261287, 1.2632954508422241, -1.5095342317885236, 1.8594704379265101, 0.88556368379197192, 0.44939350321583327, -0.80119959595114776, -1.6896264142616482, 1.2517050996906078, 0.15691436077006971, -5.5763477338327769, 1.7525666649176082, 1.042641973008569, -0.55633025209713816, -2.6133413289844292, -1.6441723891625988, -1.4534740003374051, -1.0443827320176067, -0.1969652456312585, -0.80182580661443636, -1.2200129028976656, 0.20285834287712598, -1.221480526183762, -3.0862169910953283, 0.079862443410160508, 0.03077193132837518, -0.58477226067683186, -0.12529640640191081, -0.69653871353282892, 1.7130822002149575, -3.2780274591888898, -3.2006398000133234, 2.4379488609759501, -3.9148735925919813, 0.17769935891865205, 1.2198663449845799, 0.2453581211550683, -3.7677454142536533, -2.4231509767146586, 0.19413639106959424, 1.3306492514670973]\\ \hline22 & [-1.452 -1.247 -0.866 -0.115  1.653] & [ 0.124] & [0.96498497676572625, 0.39618589285625616, 0.93961443154833102, 0.60495857148027021, 0.21622187573298443, -0.22141066220137165, 0.26984435698442494, 0.54313022954386392, -0.62128847060430348, -0.91176868218166518, 1.2633207479731916, -1.2158886165368992, 1.859507673291497, 0.88558141695207637, 0.15601670014824223, -0.94729425340610673, -1.6439759231489912, 1.5994624167282128, -0.6041126565877063, -5.8307661564687177, 1.9226101483924325, 0.66917116206237015, -0.3082119481459189, -2.6912008284392317, -1.5578838269089679, -1.3612879943345331, -0.69952743387460836, -0.31887565131856704, -0.80184186294744186, -0.9521298500336306, 0.65597132498150368, -2.1363034962472138, -2.6666166351475074, -0.15424300397711471, 0.14061600261645815, -0.42307860791879187, -0.12529891542670021, -1.1395419357252292, 1.3530091083458933, -2.99844874443172, -3.2340647353882153, 2.4162800019412907, -2.8236112700662193, 0.33885424457062341, 2.0231019360221363, 0.48782959501708945, -4.504502832450088, -2.9644183462827152, 0.47509745359466304, 0.98173804270368692]\\ \hline23 & [-1.453 -1.247 -0.866 -0.115  1.653] & [ 0.124] & [0.33777855982137628, 0.42425356862183117, 0.93961850098959765, -0.012608114714638997, 0.51720667322852387, -0.22141162112415463, 0.41790085982452829, 0.78195670255531491, -0.47310228852147607, -0.59206597432742414, 1.5882977887777872, -1.1064263631836575, 1.6596076861929787, 0.46094207425702366, 0.098732288827978174, -1.1822984919517359, -1.6666312363149864, 1.5994693439508527, -1.0229398338828839, -5.9855362704030473, 1.9226184751579811, 0.96792961650574949, 0.16287163234118618, -3.1307581427862785, -1.402792844979559, -1.7909949186890213, -0.64477428777981116, 0.20229383159213418, -0.83416728722120548, -0.90648392943054923, 0.14466300833306159, -1.8058912825533664, -3.0303750389225348, 0.027603306396632669, -0.19722357574683394, 0.14433881963161818, 0.15712792643231377, -1.2525107135878681, 1.3530149681868182, -2.9518150842878583, -3.1467970583190681, 2.7827361755815714, -2.7033227437212801, 0.18653065718386894, 1.3204262309399244, 0.81816619363668008, -2.8331442744117199, -3.0685362138787284, 0.47509951122715405, 1.2016893682648064]\\ \hline24 & [-1.453 -1.247 -0.866 -0.115  1.653] & [ 0.124] & [0.33778719763732912, 0.42426441781322161, 0.9396425293106424, -0.012608437134672036, 0.77267573353619867, 0.41771903132249211, 0.75687486104725987, 0.78441036815521337, -1.110826638423716, -0.31470187613778544, 1.354313087383582, -1.2093514544525508, 1.6596501263814702, 0.59613464895190527, -0.056918768355517055, -1.3713461946200323, -1.6260005541927156, 1.0049826247522065, -1.0229659929322346, -5.3742544907552041, 1.5925983723835968, 0.86162644170478442, 1.5177099799804452, -3.0629073554598909, -1.6046002080073036, -1.5909090550472913, -0.50139768114105343, 0.49965635836954403, -1.3531868704368188, -1.6281547444371267, 0.34325582702059648, -1.8044668126886008, -2.8057814834756796, 0.027604012280038854, -0.25926586093980991, -0.12759142790754827, -0.51767004539238426, -0.89784877754484871, 1.3530495680568715, -2.590084111338455, -3.5619061787419999, 2.9851056209447173, -3.9258982248042269, -0.75535483563208139, 0.99994819730253448, 0.63897506909417279, -3.571615326703891, -2.2614988816950339, 0.46729258805829876, 1.4053350088577696]\\ \hline25 & [-1.453 -1.247 -0.866 -0.115  1.653] & [ 0.124] & [0.41641913349773108, 0.9753479752502805, 1.3363256406018025, -0.012608411442417835, 0.88237313794437788, 0.76122785725494158, 0.75687331876084329, 0.56360295951965389, -1.1108243748885878, -0.82192949562675666, 1.1164205607516469, -0.61957168262448914, 0.96771060939650688, 0.50327273614096735, -0.60944565230399839, -1.5192232074928056, -1.6259972408859891, 1.0528365418530532, -1.0106703873907754, -5.1292129471896288, 1.9283053724505677, -0.053834518454596754, 1.1303126057235469, -3.8157311080936713, -2.0489393746703413, -1.4180626351476033, -0.50139665944133427, -0.39608460227896292, -1.3538919394963744, -1.9120131372151268, 0.66022175017022766, -1.4101241593593781, -3.6329172603420887, 0.26073805697195479, -0.26645420331817327, -0.1275911679140721, -1.0165632093067221, -1.1420398720065188, 1.604611740967679, -2.4133363584644667, -3.2489478786465917, 3.2624317293345473, -3.0283937712035343, -0.31727609235460325, 1.4959241553118148, -0.28633958452150604, -3.6932536644494101, -2.5345063646214427, 0.35171844685824588, 1.5835401060413683]\\ \hline26 & [-1.453 -1.247 -0.866 -0.115  1.653] & [ 0.124] & [0.70688798961017607, 1.0179102589258646, 1.1969220195599055, -0.01260844039500552, 1.2244112014591837, 0.89195722321194659, 0.75687505676259137, 0.64590392464823698, -2.2607559594469375, -0.53965459139701066, 1.1300933944240144, 0.055616755441263092, 0.58369507835651124, 0.19659173678199643, -0.64556872780491281, -1.2100107107821894, -1.0033955310714222, 0.5954818297029375, -1.5231254137429986, -4.9697395586563164, 1.928309800401752, -0.61242712821596756, 0.46780191393248777, -3.7839314145369212, -2.3133279409902126, -1.5806237062250357, -0.50139781079420798, -0.39608551180465784, -1.5903501366377899, -2.3342405337431473, 1.4790889729286949, -1.2657782453620721, -4.5626010954462153, 0.27236430480203455, -0.26645481517468833, -0.17754134662532453, -1.5650435356878658, -1.1597173403615639, 1.6046154256239376, -2.3200994927583998, -3.6085882432988612, 2.4363943918019917, -1.9658539906594334, -0.26802071759712021, 1.6618181781384007, -0.53098050389927265, -3.4592720621368755, -3.123893590159132, -0.29731559295182464, 1.8126751885839827]\\ \hline27 & [-1.453 -1.247 -0.866 -0.115  1.653] & [ 0.124] & [0.70688838693575318, 1.0179108310699483, 0.66801575980003691, 0.02884607012991924, 1.2244118896727259, 1.3951081324710908, 0.75687548218475609, 0.57040066383901911, -2.1787507252596772, -0.30739393256043712, 1.0125528172928888, -0.35850117904764112, 1.0706490097427999, 0.078559501661854977, -0.45091745699251079, -0.66920575254777304, -1.1647943960871419, 0.79376586985034714, -0.67991481141998333, -4.9040625654943799, 1.8666748174845085, -0.6592455422120943, 0.41653327877497259, -2.9161569023750333, -2.2280508416617502, -2.2705344112531738, -0.50867239457880475, -0.31877924320933732, -1.8662864691334187, -2.3572707456785471, 1.4790898042907894, -0.37566593216108518, -5.1961331387649521, 0.2723644578917831, -0.62907324180937096, -0.42438867354897158, -0.71484748153826294, -1.6272948357999582, 2.0082724799396052, -3.0788934654788065, -4.3314655515080362, 2.709160606862016, -2.0847382541196247, -0.38789953177984893, 1.7469174114721036, -0.86559643063769987, -3.6471969502312613, -3.3039533009487756, -0.97997749373871634, 1.7416605184402461]\\ \hline28 & [-1.453 -1.247 -0.866 -0.115  1.653] & [ 0.124] & [0.17346324976282329, 1.4854130259034533, 0.59439527037765083, 0.028846156849770523, 1.2244155706183972, 1.1417353868927296, 0.75687775757717379, 0.70401500171935438, -1.9031169130575158, -0.19183923993073035, 1.0125558613272871, 0.7559844213245992, 1.8426827877261753, 0.29829903911298167, -0.081544120906687098, -0.77136467548746268, -1.3510586290549553, 0.9090184727083338, -0.20686082311648551, -3.688029806206595, 2.3900869909447064, -1.155020680881389, 0.4165345309976784, -1.8053498046601015, -1.7591525916089319, -2.0187771758939701, -0.86392568241274625, -0.65447378387841026, -1.9925626999231458, -2.4023607634173425, 1.8989050048160825, -0.37566706152441348, -4.6592604437430625, 0.44585114512223561, 0.016287819557701633, -1.5751957701223236, -0.0060376909880668897, -1.2456640644114871, 1.7469919359894956, -3.2268779540676893, -5.3539301435329714, 2.1084544386916977, -1.5153557136154652, -0.38790069792100984, 1.7469226632245067, -0.74009782782742684, -4.632694490592244, -2.6678508155083289, -0.92135239020304882, 1.6986554651889592]\\ \hline29 & [-1.453 -1.247 -0.866 -0.115  1.653] & [ 0.124] & [0.19288520838976669, 1.0213222590552899, 0.70149403684842981, 0.090159341765835774, 1.2244155706183972, 0.57729266035087146, 0.89783559531722967, 0.38602470328550181, -2.1045184650155653, 0.53100184541883821, 1.0125558613272871, 0.96988295411374992, 1.7315742378030978, -0.62650937210019042, 0.63512896713805211, -0.31347393751266134, -0.57441420452124436, -0.092375409696393518, -0.64609151036950097, -4.010901526484596, 1.6490843504022183, -1.155020680881389, 0.90276948070297491, -1.5658925894925324, -2.3155467476856488, -2.4780051256737097, -1.0232796311206422, -0.93911564569700523, -1.2181254546564537, -2.8675888692347016, 1.8989050048160825, -0.79152508099604357, -5.3681090472607558, 0.29585455213460143, 0.030197969014122528, -1.4492068604206609, -0.0060376909880668897, -0.88218677765305764, 1.609860582134875, -2.6988327089081143, -5.3612449674576963, 2.2777608136993694, -2.0338714210552866, 0.54009898779615328, 1.7469226632245067, -1.2748979906619495, -5.2415745961772506, -2.2490902135955944, -1.4006330388166124, 2.0497610406804068]\\ \hline30 & [-1.453 -1.247 -0.866 -0.115  1.653] & [ 0.124] & [0.19288520838976669, 0.45491503933350491, 0.70149403684842981, 0.090159341765835774, 0.63195363774974345, 0.52125966787251332, 0.89783559531722967, 0.61529947742549096, -1.7190997155962646, -0.1891618022966452, 1.3817366441499086, 0.96988295411374992, 1.6280690490769743, 0.030060944791084877, 0.91899072900847512, 0.29414215802123433, 0.11490484748248225, -0.16393525955526708, -0.69410716617509705, -3.5352977736278417, 1.8581490412757542, -1.3811103059649634, 1.2914750017939367, -1.4340454284478106, -2.5519460116264723, -2.193940307658794, -0.29864203793277888, -0.93911564569700523, -1.2411458202431407, -3.2827339093380141, 1.8989050048160825, -0.79152508099604357, -5.3148531404209569, 0.29585455213460143, 0.11210433410962005, -1.4492068604206609, -0.040265248204011367, -0.81690514725413432, 1.3704582290955503, -2.0842428986729851, -5.5055217099888907, 2.713589674641518, -2.7413788327860624, 0.54009898779615328, 1.7112882699473901, -0.87365541485762954, -4.9535048560299462, -2.5426851303625124, -1.4006330388166124, 2.7283648948083408]\\ \hline31 & [-1.453 -1.247 -0.866 -0.115  1.653] & [ 0.124] & [0.30088670707070209, 0.45491503933350491, 1.1503838836756652, 0.62372939386331849, 0.839366667536946, 0.52125966787251332, 0.54734210700623287, 0.43077752581802448, -2.174847174500492, -0.30606095626471702, 1.302239099224926, 1.4762144677522364, 1.6280690490769743, -0.37910507732229309, 1.6167234679930582, 0.06517252102208082, 0.14142420440541018, -0.80639664050612281, -0.63608084367925899, -3.1835810791269159, 2.0811457375427662, -1.3811103059649634, 0.58470097349148276, -1.4340454284478106, -2.5519460116264723, -2.1267138174964297, -0.28952873490800041, -1.1057410978456936, -0.86611451578749843, -4.0719179551654481, 2.2493453014754605, -0.48536718537425677, -5.3921168679608504, -0.45793045044264313, -0.38843469107346196, -1.2969558760854312, 0.1204351609293933, -0.38065898544122051, 0.80119755329629561, -0.50812944990822817, -5.0343397398756364, 2.7512896849636306, -2.7413788327860624, 0.92959124444409291, 1.7112882699473901, -1.1984961350037222, -4.1575041397026675, -2.1115180918827638, -1.1742604090582065, 3.4027080484652723]\\ \hline32 & [-1.453 -1.247 -0.866 -0.115  1.653] & [ 0.124] & [0.76383281079976328, 0.70735308223878346, 1.34300782748967, 0.73491289669696147, 0.27694213287123132, 0.58922436531723199, 0.24280506736569163, 0.2374715964701555, -1.73038148761957, -1.158828146548081, 1.2051561794538133, 0.59381213992381732, 1.2801681014763042, -0.37910507732229309, 2.3746264706053739, -1.1597437656638219, -0.51863976946165369, -1.1132397870386026, -0.5154154292027413, -3.4996204260368184, 1.8679492602630767, -0.83445889110289428, 0.75640080664756404, -1.4340454284478106, -3.2748902543935321, -2.8523602039258633, -0.57222554312906193, -1.1057410978456936, -0.86611451578749843, -4.7316089016420602, 2.2493453014754605, -0.45191252739707721, -4.827860243814432, -0.71145284351051152, -0.14151970288077803, -1.3572821604361449, 0.1204351609293933, -0.29922268306516497, 0.98347604763507857, -0.92634665351014889, -4.8913620745169588, 2.7512896849636306, -3.4215188633084819, 0.76537828738151481, 1.7272634168282437, -0.45944577136114229, -4.4480336190515484, -2.4093822389071873, -1.2413482786169572, 3.56426973546401]\\ \hline33 & [-1.453 -1.247 -0.866 -0.115  1.653] & [ 0.124] & [0.76383370792547145, 0.55996530110744147, 1.3430094048595229, 1.2136135015383678, 0.27694245814124269, 0.26471083582712196, 0.80652446857268223, 0.33879863953462686, -1.7782572443712366, -1.3619887543529017, 1.2521399495116996, 1.2283488812782659, 1.2580013762858269, -0.37910552258322738, 1.932734993744966, -0.83864468508683498, -0.4252914140734636, -1.4330574738961175, -1.1986429736452104, -3.4049958702791252, 1.8679514541794406, -0.94678014551721745, 1.6112659922981711, -1.5838306528805144, -4.1250930572104476, -2.7279644682873281, -0.78459290203236587, -0.82808255907378936, -1.3670021999504054, -4.8416140081973094, 2.5384505425411499, -0.041058130436463086, -5.1932704225193991, -0.81647782086017062, -0.20212215130676259, -1.6931909421846565, 1.0407397464533132, -0.42758740532867079, 1.1484597840381121, -0.70528163394713939, -5.5207174982690743, 1.9264746976362597, -3.8136224402156742, 1.113181877726473, 2.3789264603694122, -0.70243892782049799, -4.3482344393727743, -2.5272101384216219, -1.2528906574569079, 3.1325909653218624]\\ \hline34 & [-1.453 -1.247 -0.866 -0.115  1.653] & [ 0.124] & [0.76383370792547145, 0.55996530110744147, 1.3430094048595229, 1.0649430572190541, 0.59444449353441053, 0.54971971008896814, 0.80652446857268223, -0.039841940406670592, -1.4457958667263351, -1.0271353258602587, 1.1888435706289295, 0.81336726608720222, 1.2362185706456579, -0.32361587269698333, 1.773709728383305, -0.83864468508683498, -0.24707517392816117, -0.94779015444997172, -1.1986429736452104, -3.738591393733286, 1.0732378517201751, -0.62378014133106319, 1.4795965043434989, -1.1556722588947668, -4.5739217865782473, -2.4053790088077176, -0.93991854164925448, -0.97139521151346353, -2.2104990639954747, -4.6701886235060135, 3.0434886442514792, -0.35848836579999482, -5.2694096256392244, -1.2107194418516494, -0.068794089380871573, -1.1234454156192326, 1.0407397464533132, -0.1200720184560306, 1.1484597840381121, -0.79977891322091899, -5.9176836735278586, 1.7657883259198193, -3.6484358848430491, 0.51733031238368288, 2.436129045265095, -1.5642163179869657, -5.0774097430272587, -2.6311412625917252, -1.2528906574569079, 2.7290146874458321]\\ \hline35 & [-1.453 -1.247 -0.866 -0.115  1.653] & [ 0.124] & [0.49899461341398976, 0.41747889372095837, 0.47746863760098024, 1.1854706651392506, 0.59444540283749248, 1.0563367635122465, 0.91972595146110481, -0.03984200135163618, -1.7254069742266374, -0.98378960108991287, 0.47058554184429802, 0.91973714061856227, 1.0615501720371852, -0.8078119311141817, 2.3586775012810075, -0.65356657586691491, -0.63982896764659636, 0.0070045147827691411, -1.6383202927172393, -3.9858006923959088, 1.0341028834597319, -0.87348767263305338, 1.4795987676358264, -1.3736054270566849, -4.3904432731514351, -2.4383784578418388, -1.7517736730818343, -2.045538122575413, -2.27858851681298, -4.7711759218756926, 3.043493299780522, -1.1678138877402939, -5.0973290985006674, -0.38629268009742601, -0.61937655239554612, -0.790340444354524, 0.93490383479973749, -0.020161828402587637, 1.1484615408009931, -1.9516108000467622, -5.8278584500414388, 1.6685893756737344, -3.6952552567278696, 1.0732173009991219, 2.6779444846098266, -1.6960705515007617, -5.2457042085786521, -1.9632818053559695, -1.6396484726743499, 2.8992365475563227]\\ \hline36 & [-1.453 -1.247 -0.866 -0.115  1.653] & [ 0.124] & [1.255876673491984, 0.37629978853587109, 0.32450054243520926, 0.8378936725142877, 0.44242587794449978, 1.0563367635122465, 1.2560816149293772, 0.012430111300074738, -1.7716268128983865, -1.3726974436752284, -0.020253976886353154, 0.11014096736402396, 1.185691026282446, -0.8078119311141817, 1.7116001353799837, -0.760262998516954, -0.35969118561649172, -0.73081311739534427, -1.3473089836947039, -3.7300466149343272, 1.0780464720464458, -1.1578202260767441, 1.4357488283194519, -1.3736054270566849, -4.1271158470333882, -2.4030740806610553, -1.8169467210652992, -2.6244256801545909, -3.0373471587419942, -4.2723319127437405, 2.8622126296456099, -1.5324262275589462, -5.6231015702195331, -0.38629268009742601, -0.039102736497852786, -1.1597707652164932, 0.93490383479973749, 0.80377355913412396, 0.8710854418655809, -1.3511922640913259, -6.0113212632983082, 2.2553267363979184, -3.0594129529794545, 0.57711865580424693, 2.4729984699383247, -1.8629872257480671, -4.757389972591926, -2.1690834009008912, -2.1141339618934034, 2.761920519092659]\\ \hline37 & [-1.453 -1.247 -0.866 -0.115  1.653] & [ 0.124] & [1.255876673491984, -0.63139335954047482, 0.32450054243520926, 0.8378936725142877, 0.44242587794449978, 1.0563367635122465, 1.473171770350413, -0.097048949918968647, -2.2305716968731284, -0.95420554400269419, 0.066658859703988035, 0.1548753303010546, 1.6754676070165435, -1.1657939511107196, 2.6095443909232605, -0.26180129707265493, -0.84779364666833945, -0.12668506710522617, -1.0183520271064324, -4.1183788775591639, 1.3080844080850684, -0.91713635074058908, 1.4610573071680022, -1.6821215195271939, -3.999579990622534, -2.9235331653084078, -1.4631122158944865, -2.4895271599279409, -1.8363485026729212, -3.9053038495250645, 2.4394499777798795, -1.0049297701498248, -5.3935357932506296, -0.79611893455479898, 0.017371722930723438, -2.2153623560640683, 0.57744116902114007, 0.42464484241001943, 0.8710854418655809, -1.5487554380542181, -5.6174355388469017, 1.6650499756654717, -3.8029092121050536, 0.1805719028201099, 2.4596586359999821, -1.6394962469070704, -4.8041023028541705, -2.4622644069771891, -1.6138013844683816, 3.026307915861457]\\ \hline38 & [-1.453 -1.247 -0.866 -0.115  1.653] & [ 0.124] & [1.2558778258578349, -0.2646251224090736, 0.32450084019003789, 1.6261479231362221, 0.1839183359296841, 1.5000643344345015, 1.4731731221016451, -0.097049038969030749, -1.6579554784039254, -1.2708560035144409, 0.41382449111752978, 0.15487547241137928, 1.675469144390153, -0.83997288938822079, 2.6095467853859544, -0.22559630741716444, -0.65189168547148402, 0.38019914890233358, -1.4978249441660569, -4.2927246825159777, 1.4450019390187994, -1.5244763203602096, 0.99320758044201041, -1.678100137242599, -4.1673001864406265, -2.9316025397410979, -1.0049467556620735, -2.7897715377382166, -1.8363501876674351, -3.8288747455671865, 2.6415399109813289, -1.6239752600559061, -5.1455432103946857, -0.80357339051436782, 0.14234152929116087, -2.5505906047639257, 0.38353301990455835, 0.50907923460990612, 0.14834045510762103, -1.5916745619637136, -5.8494196269410024, 1.7641746623412429, -3.5951701945125465, 0.26808920597842384, 2.45966089293068, -1.8766192312130729, -4.4709565944969336, -2.760236024719962, -1.31977727637105, 2.6683031465864948]\\ \hline39 & [-1.453 -1.247 -0.866 -0.115  1.653] & [ 0.124] & [0.58513458090876491, -0.2646251224090736, 0.69405197677919528, 1.2734172988605077, -0.22504222736720786, 1.5000643344345015, 1.4731731221016451, -0.068537460537320252, -1.307658579699819, -0.99256561485082095, 0.41382449111752978, 0.36864769174075979, 1.5943641879238575, -0.85364822417186836, 2.6618937567010437, 0.092471060422982435, -0.53733746885500799, 0.92518713092261351, -1.6212910030052279, -4.7131945925525116, 1.5155092222161486, -2.2286782231240836, 0.46457358357260536, -2.1861397704986869, -4.3614527205459064, -2.318323176525444, -1.2606724156413891, -2.8923515425302253, -1.5176274467352513, -3.6958205706498033, 2.3605887375127068, -2.1875444138560169, -5.2019984158175063, -1.350553823126619, 0.082458247052858591, -2.7292489281861383, 0.28551471973584969, 0.40487811529308115, -0.33866387918708291, -1.5150730043927731, -5.4696093635376943, 1.7777103133968821, -3.2078456347510742, 0.017270183397450442, 1.8668314318796442, -2.0779454101530166, -4.6897488768289506, -2.7297567332519197, -0.97914262107738204, 2.8413797465205737]\\ \hline40 & [-1.453 -1.247 -0.866 -0.115  1.653] & [ 0.124] & [0.58579685514813395, 0.21034781407694736, 0.69405197677919528, 0.96739680823139673, 0.19115124487992782, 1.5000643344345015, 1.1544644856704023, -0.54791258510273599, -1.1296946463930322, -0.58099262281572495, -0.070932216676860296, 0.66811010350433819, 1.3294847476512219, -0.66921596334788935, 1.6264474161139868, -0.20637251880880902, -0.0043520606412800686, 0.83484309444637383, -2.0780163534628207, -5.0414699173040223, 1.7442154793624938, -2.2286782231240836, 0.46457358357260536, -2.469298081545475, -4.5351303664304039, -2.420940101589693, -0.99613542101794872, -2.8626384102222993, -1.5176274467352513, -3.747130100279314, 2.3005949878112921, -1.8928590931045606, -5.7890011059976461, -1.092606005345764, 0.61423421062264005, -2.7734131596856888, 0.93413760897420239, -0.41523175305620796, 0.29966435793749391, -2.0621420824462628, -5.8288538049030736, 1.310632765711399, -3.6331162764017249, -0.59208861141060798, 1.5308134251430567, -2.0583640895859543, -4.9388979567629816, -2.6083294523567386, -1.0241259661729889, 2.8384016795564557]\\ \hline41 & [-1.453 -1.247 -0.866 -0.115  1.653] & [ 0.124] & [0.58579685514813395, -0.25350423275742545, 0.32795097393382999, 1.2864610928500848, -0.072011642110171192, 1.0780318765574699, 0.97850149282147547, -0.48724411830746395, -0.96203852038677684, -0.851851073780031, 0.22535114119742605, -0.83402715344672362, 1.2190901431834966, -1.0427503300469683, 1.2507023195415143, -0.7409589568310857, -0.0043520606412800686, 1.0148477879589168, -2.0736000755032178, -4.4850164620102069, 1.3138524243085528, -2.9736669263452602, 0.46457358357260536, -2.4776253891989826, -4.6047692795869661, -3.2357993844164765, -0.72780927129658479, -2.2837873516134457, -1.8299036549742911, -4.338255274275709, 2.3005949878112921, -2.9137026471627676, -5.716429356596592, -1.7190264588833584, 0.55986283374004464, -2.7976685458914838, 0.93413760897420239, -0.94435586706327723, 0.29966435793749391, -1.5567822936372817, -5.6955233208326304, 1.4426434481865984, -3.8689000402499296, -0.073140220663908573, 1.5308134251430567, -2.0583640895859543, -5.3949690131510772, -3.0237370036487929, -0.60654003210935281, 2.9118967915134109]\\ \hline42 & [-1.453 -1.247 -0.866 -0.115  1.653] & [ 0.124] & [0.58579685514813395, 1.2584842111826022, 0.31859698839903683, 1.2871008211654338, 0.012666288655881172, 1.0780318765574699, 0.89702551660001373, -0.4410021910984796, -1.4427672617059497, -0.14767436163002279, 0.08995955282644616, -0.49330031643729927, 1.2936787574744391, -0.44497237272787782, 1.690095828322203, -0.81249956712489213, -0.25536824311619066, 1.3009342263186161, -2.6441342289339338, -3.8811609081371015, 1.2523973480364814, -3.5676625590357016, 0.53083121067797945, -2.4332644618447086, -4.1300016077219412, -3.4516228132658737, -0.62396072188162022, -2.1652095436542012, -1.818723061835503, -3.9378956880588962, 2.2046980565408538, -3.1482762346370676, -5.2335177395768948, -2.0429590085594791, 0.34452530818218274, -4.2359313581790667, 1.1787836190363583, -0.99186519379115623, 0.43422390530383009, -1.3258189444357509, -5.8811240308286639, 1.7542110140743208, -4.1878512152757104, 0.10153983387484289, 1.7627682905306641, -2.0355864390335499, -5.2062460907013515, -2.9091856803012588, -0.43722866997663168, 3.358118452995412]\\ \hline43 & [-1.453 -1.247 -0.866 -0.115  1.653] & [ 0.124] & [0.58579685514813395, 1.0093374953787588, -0.17856416371038561, 1.0399332287552365, 0.44713287062608531, 0.69393397134193802, 0.45721228409075437, -0.4410021910984796, -1.2358861379786275, -0.21888324312861523, 0.28735496728732118, -0.38759336129730676, 1.2936787574744391, -0.44497237272787782, 2.0912061513725266, -1.5985183075464398, -0.58723909132662588, 1.3660058760790312, -2.5494943846943325, -3.7056678777235579, 1.2391239714429352, -3.5676625590357016, 0.90677628896507489, -2.4653619859108722, -3.7577263402797274, -2.9190476615566392, -0.53672903039673281, -2.1357760625413986, -1.7689652955402639, -3.8091636238396744, 2.0872489547085977, -2.8450229024415137, -5.1152343985242412, -1.9641399122356142, 0.041912495472971815, -3.9197869326446053, 1.0022404327378782, -0.99186519379115623, 1.4059936329932647, -0.81444267523209091, -6.3141145998880477, 2.3167232094725532, -4.8410225210057991, -0.33473937641096652, 2.2394560845026747, -1.7261712433022951, -5.4100829195698488, -3.3236571231161958, -0.88809490860594509, 3.2176916051199158]\\ \hline44 & [-1.453 -1.247 -0.866 -0.115  1.653] & [ 0.124] & [0.58579685514813395, 0.60252258219609023, 0.86397671356289762, 0.47043480020121259, 0.34113585463285123, 0.69393397134193802, 1.490082719978939, -0.4410021910984796, -1.2358861379786275, 0.17763085745460319, -0.025559712742780578, 0.0040188013908765835, 0.98383227748167201, -0.44497237272787782, 1.6296385917886445, -1.5985183075464398, -0.58723909132662588, 1.0299124847573551, -2.1684965315164484, -4.0817865211397208, 1.1706963730190341, -2.4436351744315017, 0.6381653250220739, -2.5669984710835148, -3.5859640342323806, -1.9824493173061024, -1.1437131818874398, -2.8563351134989232, -1.7522714304358704, -3.9063805512898719, 2.0923903865540869, -3.2585311992739427, -5.9379950089401676, -2.4825434236970065, -0.87684379215670705, -3.8393771492846285, 0.82598440912445792, -0.84772686079121873, 1.807678599145861, -1.9284026190860275, -4.8939297364710477, 2.4801603734937148, -4.6701424963108931, -0.38603565135494594, 2.6068544303558276, -2.0202208182316479, -6.5880160935954253, -3.6385003875901458, -1.058330093538673, 3.5783847290545987]\\ \hline45 & [-1.453 -1.247 -0.866 -0.115  1.653] & [ 0.124] & [0.58579685514813395, -0.34717903254410198, 0.41092341021153345, 0.25920164156628467, 0.52580203078597398, 0.91547238293596866, 1.490082719978939, -0.039240671730441136, -1.2358861379786275, 0.30389000234753955, -0.025559712742780578, 0.0040188013908765835, 0.56035294557612569, -0.63559738023282786, 2.1520554647261143, -1.5593215497704196, -0.32234194752406498, 1.2066722222513693, -2.5821616004189383, -3.9647837782499993, 1.1539903941616689, -2.3849130047015286, 0.93391863296235622, -2.9458248417373638, -3.3562229928268303, -1.1770437778146714, -1.1437131818874398, -2.8563351134989232, -1.2137455482040633, -3.679970702242064, 1.704200212717758, -3.6308071536288344, -7.1187322068649745, -2.7848663956870499, -1.5087533553090626, -3.8185283206386598, 0.86009020538441783, -1.2696136681335468, 1.4977796664469665, -2.232319401352111, -5.0050219147394319, 2.2040490647661604, -3.5686581798237258, -2.042955807543259, 2.3015746772371934, -1.1508236454217795, -6.1929082749876398, -3.4225705717737105, -1.058330093538673, 3.485675908815308]\\ \hline46 & [-1.453 -1.247 -0.866 -0.115  1.653] & [ 0.124] & [0.95166782723054244, -0.34717903254410198, 0.41092341021153345, 0.72068697903025747, 0.046018608968393979, 0.39992913095890986, 1.0608812923433377, 0.24771293493588234, -1.0068872709155958, -0.17412100622723023, 0.41782418825822165, 0.16277406781957621, 0.56035294557612569, -1.4499237622054872, 1.4700551761742211, -1.1595315711848491, -0.50400974523867137, 0.66611065759936638, -2.5677178541890342, -3.1565161332641689, 1.1253933521424253, -2.079333189363068, 0.30036254745529511, -2.554460261177498, -4.0014481399040118, -1.954540623598868, -2.0938475068637397, -3.3607416148727842, -2.2464584476149625, -3.765551288351328, 1.704200212717758, -3.2324571623429885, -7.9432114492698158, -2.4100023829084409, -1.5087533553090626, -4.1406947590428382, 1.4898057235714699, -0.78984663082740203, 1.2205786028711274, -3.1562263569202509, -4.5419986875684453, 1.5101057669467615, -4.2504777402063292, -1.8070145127304507, 1.6964602495860104, -1.1508236454217795, -6.3569149537228986, -3.1018705785416723, -1.0568570837810638, 2.6294737041222431]\\ \hline47 & [-1.453 -1.247 -0.866 -0.115  1.653] & [ 0.124] & [0.69668977932027254, -0.78216584435480774, 0.66288734660737525, 1.4410146801173089, -0.12758982938623639, -0.091380065385592749, 1.0608812923433377, 0.035116821174276502, -1.1275377315074746, -0.35357509400862691, 1.3025321972184083, 0.64921915127363861, 0.1936697348941849, -1.0413887937421731, 1.6761353144054685, -1.5528297626351644, -0.50400974523867137, 0.98191388299396321, -2.4466673799015251, -4.0574024735786169, 1.4723881174801812, -1.7676548328281672, -0.12077393764711439, -2.554460261177498, -3.6278339915833735, -1.7233621787715232, -1.7033344821810124, -2.8662413282394628, -2.797074643264811, -3.9915216081887204, 1.5973832984668894, -3.4144035575376943, -7.9545016404632891, -3.2480638591739575, -1.6900736065503683, -4.2727795207111665, 1.2252708618124797, -1.3931786472376666, 0.42584790180641829, -2.8679691361124497, -5.1734909798261075, 1.5428289076712529, -4.2758925529399914, -1.5735300056054695, 1.3939175024269215, -1.3223244968580821, -6.8690356572793094, -3.2621909727156537, -1.3340594390993838, 2.7196804664858059]\\ \hline48 & [-1.453 -1.247 -0.866 -0.115  1.653] & [ 0.124] & [0.69668977932027254, -0.79432510761827901, 1.1169142126709608, 1.2204491338725751, 0.64036817445839, -0.36727239569494502, 1.0608812923433377, 0.035116821174276502, -0.87434274851887517, -0.060761110192966414, 0.84191718727147402, 0.64921915127363861, 0.11683864115262969, -1.0413887937421731, 2.0991881669749755, -2.3490662389345833, -0.11510721534465382, 0.88719068200535312, -2.7936360273438585, -2.828649475421197, 1.7146479554527543, -1.7676548328281672, 0.61468132002894926, -3.1652197680198628, -4.7604467468893104, -2.2136054044598965, -1.2438755301826891, -2.940543525131408, -2.4229733663855177, -3.5716122853346297, 1.7960450415312363, -2.9282235047199388, -7.9214222591685033, -3.1968097296770486, -1.6900736065503683, -5.0884312719624827, 0.71489586255022697, -1.6551205097668915, 0.42584790180641829, -2.7481257546960944, -5.4086112040770855, 1.5472049190566934, -3.8313966943059841, -1.6294269161651647, 1.5273024312052756, -1.3223244968580821, -7.1781417144642186, -2.8695644313074005, -1.3340594390993838, 3.6918271758747276]\\ \hline49 & [-1.453 -1.247 -0.866 -0.115  1.653] & [ 0.124] & [0.6957282409377098, -0.56174164023428741, 0.8043651166571526, 1.5993865186587921, 0.49432139738950676, -0.03927038663065812, 1.0608812923433377, -0.28107527007780475, -1.2316299544708502, -0.14347019196542327, 0.41651803831766304, 0.64921915127363861, 0.72138483744894621, -0.73363878366236612, 2.0991881669749755, -2.3490662389345833, 0.13145212595941735, 0.7372113727784666, -3.3988454296357862, -2.5775591318274644, 1.8876968491654484, -1.7676548328281672, 0.055639460207037313, -3.7807159752482935, -4.7945279047306437, -2.021747949785345, -0.53479953566359129, -3.4783773976111663, -2.6238524632763562, -4.4724466193708476, 1.7570617099910613, -2.5641650793184025, -7.7396746793286049, -2.6942405165178362, -2.0308864336519692, -5.2922764049219326, 0.88842332855136252, -1.0682190362425381, 0.52345233304181316, -2.6641213476492815, -5.2004192104817699, 1.4666815391739327, -4.2072644680466551, -1.6947643133175339, 1.1820239540344595, -1.7265478111191277, -7.0271569318642682, -2.6060599198268233, -2.547754984105755, 3.356704676147535]\\ \hline
    \end{tabular}
    \end{center}
    