
    \begin{center}
    \begin{tabular}{c|c}
    parameter & value \\
     Starting value of $\beta $  & [0, 0, 0, 0, 0] \\
     \hline
     Starting value of $\eta$ & 0.05 \\ 
     \hline
     Real values of $\beta$ & [-1, -1.2, -0.65, -0.25, 1.55] \\
     \hline
     Real value of $\eta$ & 0.12  \\
     \hline
     $n$ & 100  \\
     \hline
     $X$ & $\mathcal{U}([5, 5, 5, 5, -10], [10, 10, 10, 10, 30])$  \\
     \hline
     Censure & $\exp(30)$  \\
     \hline
     Optimization method & (gibbs)  \\
     \hline
     Seed &$1234$  \\
     \hline
     Constante &$Yes$  \\
     \hline
\end{tabular} \begin{tabular}{c|c|c|c}
    Iteration & beta & eta & Frailty mean\\ 
    \hline
    0 & [-0.568 -1.247 -0.646 -0.259  1.564] & [ 0.05] & [0.0, 0.0, 0.0050810724341155558, 0.1341662816144141, -0.083178785955970128, 0.062263049406337104, -0.11015333892068183, 0.0019095121627964438, -0.060689742508879832, 0.13221485247003048, 0.18310690465243371, 0.017519296233819578, -0.0098996496553651735, 0.064007414739311069, -0.000856229371527866, -0.04159495838168778, 0.10216253877108419, 0.069437164276768215, 0.0056585706463028549, -0.084333353658723215, -0.15944902748417344, 0.12967412108512516, 0.17423655515215608, -0.11302268103277807, -0.19451813876736132, -0.042770646139246346, -0.034097484817300287, 0.16932387832400983, -0.041076921849517417, -0.22706178492431472, 0.038246453816217989, -0.12981974400771792, -0.089798124149216063, 0.055246202392628264, -0.049567908063808633, -0.070586052778385686, 0.037175111459208043, -0.00061568102962430949, -0.12293467047350036, -0.042840328050351976, -0.096072416937786176, 0.017497479167492398, 0.04090196958708972, 0.052202227620457065, -0.0066863863294511884, -0.14910711003420962, -0.099059134692057405, -0.14472620001453301, 0.0031328456338300423, 0.016060926855049902]\\ \hline1 & [-1.053 -1.278 -0.644 -0.223  1.603] & [-0.002] & [-0.012116871320601205, 0.0011573740361327449, -0.0018731473244084098, -0.00049292868017023069, 0.0064480486354655652, -0.0014931689802410671, 0.0056002524314807314, 0.0029935167149404392, 0.0080497445931678596, 0.0017277018384296639, -0.012736784461650679, -0.0013187991910379704, -0.0038631163994471028, -0.0044787618841400628, -0.0031176552351879173, 0.0054438049343503514, -0.0053786520249509391, -0.0053078181725272561, 0.00036139622251588792, 0.0039519617082825215, 0.00509174095175973, 0.00015480185896573525, -0.0058028126759799969, 0.0014212154041882347, 0.0065852449096132594, 0.0060697337837318918, 0.0034478559193447987, -0.012137453285096913, 0.0031841983791700145, 0.011619243380530541, -0.0077382725893945488, 0.0026338195497934702, 0.0082575937354564741, -0.0020540649233665854, -0.0050008008046885386, 0.0015641087919773717, -0.0050290939315517924, -0.00056520875793846794, 0.0045986597605098432, -0.0059579178465723357, 0.008404044896259618, 0.0053421447740632727, -0.0087651816376929335, -0.0032892281348184385, 0.0042400775299888237, 0.0039554949003256868, 0.0048707851530276061, 0.0098490852534781886, -0.0017884278624414527, -0.0078672192317023118]\\ \hline2 & [-1.285 -1.262 -0.628 -0.207  1.596] & [-0.036] & [-0.21639896275594281, 0.022743391957481048, -0.060015752602419752, -0.026969373140549674, 0.16225337374687507, -0.017433073464378137, 0.10590678440226292, 0.11047631673510272, 0.074522066629206254, -0.013564166706218933, -0.20308306622743799, -0.13529565695645826, -0.042308764407091984, -0.041616744004053963, 0.033401270943368838, 0.0054143770759742162, 0.024967282760420029, -0.071152359958214242, 0.066651921319435967, 0.044625831662669903, 0.030875974015915818, -0.15874052145420395, -0.1446975215411459, -0.011746467847846104, 0.16920648433796295, 0.094667687618389049, 0.0029959669593307876, -0.19885962564459975, 0.091287140629791888, 0.23593381999301685, -0.22328702912203191, -0.0068510935299716871, 0.16750955008249749, -0.096698088392610695, -0.13344229564258719, -0.11996570977657361, -0.12033283489241578, 0.051849123061068141, 0.11186186931031071, -0.011247163986215395, 0.21267062644366733, 0.019019302673395591, -0.19367476574057441, 0.047748418396565233, 0.040295535457603567, 0.10418092255056367, 0.11773716901978749, 0.022255900489254025, 0.027736523637395382, -0.24959316354625971]\\ \hline3 & [-1.719 -1.267 -0.633 -0.198  1.646] & [-0.04] & [-0.18952937112388374, 0.04369963680391116, -0.041773445424479437, -0.030145231485660572, 0.13988897910449133, -0.13368464588809945, 0.15758898612228242, 0.07133866076618614, 0.084098617806795672, -0.043102882588971853, -0.15152751528748259, -0.085798061683966226, 0.11213655144902188, -0.05518952907572474, -0.081769694774178545, -0.018769468668222329, 0.25376541578244322, -0.018341122226455984, 0.010364323293807761, 0.063327267223381514, -0.13147926725135728, -0.1774334813216914, -0.25362542384515691, 0.14356361191135156, 0.20891819873024292, 0.14116544017502194, -0.076423624529928985, -0.26369303959905438, 0.12782940285564734, 0.2724567152050375, -0.25771884640183862, 0.099763993725849084, 0.082667286513952706, -0.15032679678802599, -0.21491370402387916, -0.019738231741052912, -0.064494930977876244, 0.025730011771785639, 0.10987139563318696, 0.042648214604318453, 0.22630063845538809, -0.029746037581587063, -0.13307410553197938, 0.044939508206874229, 0.15419971392265949, 0.11422556572941311, 0.30427163236349419, 0.095982196121141783, 0.12221324701395338, -0.2078271657775419]\\ \hline4 & [-2.091 -1.255 -0.618 -0.172  1.648] & [-0.072] & [-0.19278593110708475, 0.080865488694020368, -0.053542667253795542, -0.098988966097959347, 0.36285603673965061, -0.24209317825910934, 0.16050281649258971, 0.26139898785258436, 0.25853913532943379, 0.10127237179949165, -0.23829642966342526, -0.34271758810238051, 0.21997962255239106, -0.17946127486741748, 0.011352736034123331, 0.10735921554066954, 0.459550725746321, 0.0073862809528602493, -0.20749397584906196, 0.19828449085813174, -0.19851554988426268, -0.36773480744146092, -0.46810138495430942, 0.15117168688810703, 0.4376197923364728, 0.33487629116213946, -0.28095035929435874, -0.38020787971384962, 0.1158779074801007, 0.54283137795967951, -0.41986140635140928, 0.09999946282148936, 0.22179356118421514, -0.23005272835655993, -0.44562274597296569, -0.12746513148246588, -0.089354196732264898, -0.055810627850050552, 0.14838646722166066, 0.17700311138750024, 0.41261985382953087, -0.031312099774875979, -0.44919369005571669, 0.099005547594939777, 0.19093887541647758, -0.093133392958253805, 0.73821684624375339, 0.2354665362831295, 0.31329639755463701, -0.16409041885311715]\\ \hline5 & [-2.324 -1.277 -0.638 -0.169  1.706] & [-0.067] & [-0.28939147402631843, 0.0018399321633440337, -0.049695589806532166, -0.05957542732823095, 0.37568354811427274, -0.61400067556372595, 0.14897057879841463, 0.49260560478714971, 0.16695307348860181, 0.11052771344963677, -0.28608283178419047, -0.42197098573909581, 0.20417393545863083, -0.17019413291660593, 0.079455900916830996, 0.27227079341050681, 0.4075230867572876, 0.011799721003209029, -0.25391329592830564, 0.51769619398926447, 0.014517832861226857, -0.24459098253220585, -0.20534883343461471, 0.13257130467625286, 0.1646195402883473, 0.36629093010846414, -0.024762524551457443, -0.3939281199704614, 0.13761301730596714, 0.49173311360014171, -0.51916544028573919, -0.23820295665541907, 0.2064423631680834, -0.19152202051709621, -0.19694067884689259, 0.024188088746524936, -0.22771888618131361, 0.23335333806149464, 0.30782686731217018, 0.113167030196201, 0.23112704036880122, -0.13934244049834651, -0.61060455038075567, 0.033336610445211107, 0.10275257096121999, -0.085859045916957547, 0.6474460429452088, 0.20446480095882988, 0.30354374556836361, -0.22155368264902928]\\ \hline6 & [-2.436 -1.278 -0.638 -0.166  1.717] & [-0.034] & [-0.17422619441584067, -0.055446443785390903, 0.10661015146406742, -0.037899721979594576, 0.2031055615054542, -0.2869325153916053, 0.1243385746551539, 0.1841870406070184, 0.18807770923273465, 0.051852145183690863, -0.12093779517972321, -0.25094723255846274, 0.023632660065842557, -0.084034736742822844, 0.046037625614742908, 0.14156155237197723, 0.16346618367061236, -0.016230679620111859, -0.065592225695494485, 0.3600189538038287, -0.043052484058851717, -0.2360517640815869, -0.19626107394149253, 0.078697030084270911, 0.10133102640097007, 0.17788454696127778, 0.013539916893971842, -0.24984283340926652, 0.1232152587375074, 0.20185738062018968, -0.30792682317311115, -0.16638343318463503, 0.18487186620674914, -0.14477214936588861, -0.11435096164557251, 0.034750552220963828, -0.14088962081246653, 0.19978017034263759, 0.099461668222549413, 0.16753409162422489, 0.15543174396633219, -0.074913478609089035, -0.24140185180211216, 0.028953888683030216, 0.14397074021507161, 0.1095441768254348, 0.31734259283379479, 0.02336577458515721, 0.13471173283227464, -0.16451873527977592]\\ \hline7 & [-2.447 -1.253 -0.624 -0.166  1.688] & [-0.027] & [-0.12637313823448695, 0.087924404052854593, -0.021716812063851315, -0.039749926518551873, 0.20001622673778147, -0.29786663871098384, 0.11381003363436692, 0.21872981423902776, 0.20576682125388251, 0.047977789042858515, -0.0928356593614027, -0.17034124386739458, 0.0421978528780068, -0.17018172864658457, 0.028420054782856984, 0.1634054929675805, 0.17685007019993093, -0.088885873057429635, -0.051427584553646495, 0.30124857874705885, -0.03056464192897734, -0.093174031512744129, -0.064260047331824222, 0.021731741720644553, 0.2032388846857639, 0.17064242186216588, 0.056307654596377842, -0.18859860688775604, -0.031966812898552494, 0.19721702366026289, -0.29171377972779983, -0.06856477141644686, 0.14614178292976504, -0.14146194121040051, -0.13400298940656863, 0.027171849250460168, -0.2335341688040502, 0.21073450348501074, 0.098224618535030048, 0.16236117887003143, 0.14835452531948806, -0.041129988962306442, -0.12313949483518265, -0.065649647381502113, 0.12247525192815922, 0.0091265084735859571, 0.21742411368417114, -0.0072020323489593342, 0.15847157892461794, -0.12198897746080507]\\ \hline8 & [-2.451 -1.253 -0.621 -0.171  1.69 ] & [-0.035] & [-0.06755099634237749, 0.15029016856877028, 0.051389028152206792, -0.031896203950331527, 0.27363021126116782, -0.38007596994209153, 0.28162212336117665, 0.35259063736396623, 0.28193175052517772, 0.0062680988280178042, -0.20227743752884778, -0.22262484863189985, -0.0090964998257779366, -0.25296842014476772, 0.047540402987468533, 0.20394451214662351, 0.23113145832990262, -0.085614263249213743, -0.12676088334919983, 0.38321043471125615, -0.091901750259699905, -0.055331409004192651, -0.01923742979538412, 0.017124243809842146, 0.25078103488645176, 0.22901802390974485, 0.017983324038583971, -0.45466883323869839, -0.1108181517536586, 0.15938481606837576, -0.35869689032429097, -0.18058707252477216, 0.27323816079100127, -0.090586415304137954, -0.16645363889898995, 0.086870446463772483, -0.1712647157373835, 0.10153319634301501, 0.11511400597877726, 0.2538780743498783, 0.30207946966387905, -0.090888830338464885, -0.11484993418266072, -0.13786726684287642, 0.1671081851259188, 0.084656578446831846, 0.31023459742141424, -0.029393947096519515, 0.24172258996129517, -0.19945939922752595]\\ \hline9 & [-2.498 -1.258 -0.617 -0.169  1.699] & [-0.031] & [-0.05961408074164895, 0.029285302027130349, 0.074326164495657182, -0.047273848194251081, 0.11269519345825732, -0.36250923198675405, 0.31441461452176267, 0.2561974718556097, 0.35312090287207093, -0.028931833245796575, -0.16916544028931568, -0.077693380326122871, -0.00068587891467609009, -0.28312930184300761, -0.037017853423793844, 0.20795043112977099, 0.2043676374195606, -0.15663242200290831, -0.11107521808672785, 0.27207774299673732, -0.060571046753834755, 0.017358279281250354, 0.028419332112887555, 0.058128714049165163, 0.18700805145564614, 0.20167385923525355, 0.096648149434848354, -0.44697414115300649, 0.015892931434258743, 0.1921116540595528, -0.43186180394671142, -0.12501497898058414, 0.24155968395565269, -0.22149630809274695, -0.19574876310113198, 0.066870182680574874, -0.17030865071177959, 0.026879406360668573, 0.098326845084869705, 0.37978642781153288, 0.2074422771014047, -0.036790522766088685, -0.043796167954416716, -0.094174052335564223, -0.038750848816957964, 0.076849443240222748, 0.23711587609630772, 0.056366924250601462, 0.15522577317808825, -0.038677724471687019]\\ \hline10 & [-2.491 -1.247 -0.624 -0.183  1.704] & [-0.035] & [-0.067031327021957951, -0.0079946107829285389, 0.11625280662660596, -0.053155709833521941, 0.17164522479639324, -0.27335615748154451, 0.399731452343491, 0.19291467328297832, 0.47886451874875285, -0.17535661043208023, -0.21237848047271443, 0.032939442872217346, -0.00077121668664762648, -0.39255165673084685, -0.11508798595117316, 0.31688922403003228, 0.19247673536543899, -0.25079373871538951, -0.055029373016914816, 0.37624835184599581, 0.017891705980060055, -0.025618091075558718, 0.042190537181740054, -0.033327479714679205, 0.27195734480681583, 0.10433576994481732, 0.18529520853880768, -0.48535792919182846, 0.044620532006649644, 0.22620982811763141, -0.49679323037570161, -0.14883405221394744, 0.23791297071971357, -0.37568869866323279, -0.18778845283974177, 0.045336345905321436, -0.16555114072630731, 0.13072451071314786, 0.059657493836971325, 0.45515255524734133, 0.29640861194043611, -0.12536967615504338, -0.074540199361928086, -0.027945728393590621, -0.11919641404435698, 0.014429923371456663, 0.31415430981326542, -0.074548819598100405, 0.13348362632052885, -0.056368973939280274]\\ \hline11 & [-2.496 -1.249 -0.625 -0.183  1.707] & [-0.042] & [-0.079976615718521049, 0.021228213586707258, 0.14721560729110658, -0.0073625888748541091, 0.3569594760003667, -0.38655128837101993, 0.50242065693243709, 0.33191702859538913, 0.57134425497287233, -0.19257280012023067, -0.44824155994782161, -0.072278448063191017, -0.0063519625349069807, -0.59620305760758119, -0.11415884826074039, 0.38048417856968431, 0.20380836451631623, -0.29812803667325577, -0.25966483722746547, 0.46354183831475465, 0.04730450983737456, -0.16139081816460082, -0.059021230534830896, 0.045805188437135068, 0.39355465697749947, 0.084678016563917685, 0.19314364301169384, -0.54362221583209092, 0.035448323489541585, 0.46126140889910694, -0.66575233964550407, -0.070293948181754565, 0.24811245755180591, -0.34930201938316785, -0.18550455642483368, 0.06441234284556803, -0.18616688564021375, 0.074139973452123434, -0.0025270533242912141, 0.62500411000861755, 0.35823808725115791, -0.34770193867002258, -0.17502545004277878, -0.00020693712858875756, -0.19421546314495031, -0.035685735310168228, 0.47699874089030975, -0.017408806134139594, 0.21282139515062493, 0.016479977370369932]\\ \hline12 & [-2.498 -1.248 -0.637 -0.193  1.722] & [-0.035] & [-0.073200508012892171, 0.054819884310252663, 0.096116702229053302, 0.092785884204386798, 0.30156381654889419, -0.36226926306601714, 0.38931149134677728, 0.36805867883077853, 0.4432346418365129, -0.16003221624450262, -0.41077787857530762, 0.0047688676980687933, 0.040089525889285126, -0.52005896317214373, -0.062800116802118125, 0.22078377285296832, 0.22158316764220851, -0.29106782417362781, -0.18441632113203088, 0.25250275959309332, 0.016121558426282826, -0.1384546402823541, -0.0070538176084771441, 0.076911083238537736, 0.25195699009195816, 0.067526497178144781, 0.16567046538424918, -0.55995362947822103, -0.019821126771726413, 0.33580099841569061, -0.6970056795767734, -0.16617318878180939, 0.32750647876413563, -0.40788425120344024, -0.088338601828579291, -0.0060521943027175493, -0.21129208121398646, 0.11198000037520159, -0.13363979527454614, 0.42490247809411424, 0.42843888139399061, -0.38164847067755037, -0.10694375271273639, -0.010907068829631675, -0.19444719318086992, 0.032878519991501147, 0.42565661014911538, 0.0099204602143361537, 0.16125641211735797, 0.00997562512359235]\\ \hline13 & [-2.474 -1.244 -0.639 -0.198  1.719] & [-0.035] & [-0.12428013563727762, 0.035019218609192958, 0.075186275730599467, 0.19286159618478962, 0.22034377194295168, -0.26357395909509479, 0.40415566388192908, 0.48522331268862573, 0.49992018819323675, -0.28732590831660021, -0.45744890144898098, 0.03731191843225113, 0.064672229850465848, -0.46715501211691901, -0.11592579518917993, 0.29178244433268058, 0.18055732680803119, -0.20654569779930929, -0.32067465360265457, 0.34092615359074979, -0.038038931804826905, -0.034637650251821354, -0.026847714304331242, -0.073079072481979104, 0.22296100798855026, 0.16288201444536221, 0.10087447862379832, -0.49742890731935607, 0.063598314816924378, 0.3399097534908862, -0.61708235688622592, -0.30958538182527756, 0.36810739503073553, -0.42741030279972847, -0.14930377067245493, 0.021809040950606266, -0.19618706554506007, 0.21156345345074332, -0.12327376616817053, 0.50993315945370488, 0.51238700084099686, -0.43070389761899369, -0.06680331892539354, -0.019169689525300484, -0.17312008061264181, -0.051564506769699661, 0.35236350822556894, -0.038054874483970054, 0.023865313446798021, -0.044829546153204641]\\ \hline14 & [-2.463 -1.24  -0.636 -0.196  1.71 ] & [-0.036] & [-0.17851541459234901, -0.026337395749062447, 0.17522824812169627, 0.16032494710768228, 0.086691270173494386, -0.26690588083898725, 0.3786628890968039, 0.47828439682029483, 0.45531783256761521, -0.29366594055763434, -0.6209849821730804, 0.20323305688571175, 0.2306949416301618, -0.49909888405989433, -0.12253361310735915, 0.30973939461765787, 0.27488743274751926, -0.30210755110888649, -0.31058736485804667, 0.27911397759909229, 0.00024921638817478823, -0.06169057085909424, -0.037302181688793797, 0.039502899858883951, 0.26050318135023853, 0.21479029835921251, 0.098303268273297037, -0.56599571664140735, -0.082191122725636459, 0.28528143350235274, -0.56180488184758848, -0.31254162834416005, 0.41432811237417472, -0.46757699792088397, -0.11503228904919997, 0.077741791175961639, -0.23248969005005923, 0.22261693644471592, -0.1261429457391729, 0.50311185075360454, 0.44333630629496901, -0.55471081377591325, 0.017175135671612496, -0.063794405586725042, -0.13733595778805383, 0.055251935933118293, 0.38586385035466558, 0.041610206217199984, 0.011504522835804535, -0.08931678234460852]\\ \hline15 & [-2.451 -1.243 -0.64  -0.198  1.715] & [-0.04] & [-0.17818716612668392, -0.088181753288522527, 0.34033263162805577, 0.12663941116957214, 0.095425445988093396, -0.24038758362888013, 0.51415292601643836, 0.51532435796368214, 0.57502129381841438, -0.25915538871246585, -0.64404334335535796, 0.21063573902968188, 0.13574663853379554, -0.5224685570710268, -0.13562790920590947, 0.32817503371535844, 0.3779793200559517, -0.32909289177970935, -0.43724896895473975, 0.38871796000974623, -0.022991029634743993, 0.045377663332278537, -0.0056410728085477891, 0.015100896223353937, 0.28674896805542649, 0.27106307208608699, 0.1534250710230225, -0.59028743743798329, -0.17324871572192407, 0.23313345433689259, -0.52905297354751502, -0.3653839577524377, 0.57269646032370647, -0.64334570299003069, -0.14952464917442909, 0.26179972152489117, -0.30816237068235308, 0.17667153188080365, -0.12333539237855216, 0.42943301122933897, 0.47530528205127032, -0.58943481485848359, 0.061084231069085081, -0.047584416052717113, -0.049390543429286754, 0.027249524350801121, 0.47363895146920615, 0.027100106486127477, -0.02187287051659554, -0.16589306640599746]\\ \hline16 & [-2.457 -1.237 -0.637 -0.201  1.711] & [-0.034] & [-0.089655065098763642, -0.037642051746304306, 0.22825291623932892, 0.27884784321759698, 0.16530917856217631, -0.14927479134355956, 0.46243478645614022, 0.48310615318058353, 0.41341282950352348, -0.13865395725045657, -0.46128984105411325, 0.18367881820059329, -0.062857668500054309, -0.42967253875810668, -0.11301995622885504, 0.42447117166378223, 0.29863879002843524, -0.16843820993819827, -0.29924871309090467, 0.39581939581915498, -0.10500558250232168, 0.083428784955876439, -0.020097359546249294, 0.0067735396769488757, 0.36297244118365385, 0.17213270022296928, 0.20402261007912612, -0.59416417400468635, -0.15882266992727842, 0.18904326341861993, -0.42554714337769334, -0.39331535374601106, 0.53108354065785168, -0.60631487492327141, -0.08744001253133972, 0.22723508982478172, -0.26663320401363844, 0.11090101264387818, -0.10918874937911524, 0.34291521500614958, 0.53102604722167368, -0.56496649626556472, 0.040388320814689391, 0.003972319030135397, -0.08732208317112676, 0.022072335717675771, 0.42501767085869052, -0.011409756818511895, 0.022421485808695664, -0.088118433863324033]\\ \hline17 & [-2.451 -1.235 -0.635 -0.198  1.706] & [-0.034] & [-0.09119372118428952, 0.0047588067549719018, 0.2027609132306829, 0.326751833440032, 0.15553094227330144, -0.13318156821431618, 0.54407957255167871, 0.40181503166635579, 0.40060796530252762, -0.19323864051221012, -0.52336112000533141, 0.18502055380909796, -0.14881014248830596, -0.51093829546229197, -0.15085873538711903, 0.43329164806784537, 0.24252479934371896, -0.1901804858042902, -0.30902432511964517, 0.47899404748681812, -0.09663316040066823, 0.072131570587869204, -0.1546659070815681, 0.012990407031297384, 0.36274576280434179, 0.18589025364650702, 0.1558064102211868, -0.55601646883290212, -0.090933205047366586, 0.15343508160055855, -0.45387041505645348, -0.35780689929193848, 0.44982084098423392, -0.579306002241326, -0.086750913918899483, 0.10475982284985604, -0.2401362311592771, 0.14190454651752388, -0.17916454036296536, 0.364021953601737, 0.54493676578078343, -0.65539586651562498, 0.079119540383267864, 0.056489800191656184, -0.081175988712315628, -0.045747115298097989, 0.44466184864509234, 0.1260110029540521, 0.008367736612221793, -0.093727100819965603]\\ \hline18 & [-2.45  -1.235 -0.636 -0.198  1.707] & [-0.036] & [-0.098901487928816367, 0.067953962227100276, 0.23149733703465966, 0.36329799605948737, 0.12765900749944681, -0.051195203012332893, 0.57087275699119444, 0.40183498117637106, 0.33575079451269862, -0.09043687131278752, -0.52577341579135439, 0.15775095004447229, -0.15101137954038385, -0.47729991836423064, -0.1193819689003419, 0.47613240011749275, 0.29921387172873581, -0.08808295125957491, -0.30884311755794724, 0.44272608631164923, -0.10643848802953303, 0.010625603234830507, -0.037063842208246288, -0.013472263785422279, 0.36296580591015742, 0.28188338871237523, 0.11906883734613243, -0.56529745087807992, -0.094253359654670021, 0.16942444853812155, -0.3591847911848266, -0.36261721964521776, 0.44629926925728075, -0.559417028637337, -0.076763919215788512, 0.0025128820849317718, -0.2693647033384603, 0.0057525319190547966, -0.23537930571437235, 0.29362861997072542, 0.64116980234989218, -0.70766505780230005, 0.11838315105441355, 0.026047393164068289, -0.040441123945107529, -0.097715220193206914, 0.4624823277992145, 0.15239391117309337, 0.039034846630449281, -0.20970581834610319]\\ \hline19 & [-2.453 -1.233 -0.638 -0.2    1.71 ] & [-0.033] & [-0.083837945698449656, 0.038365317471786516, 0.30573750958231033, 0.27714445211359545, 0.092767176787035416, -0.087436447286231289, 0.49518473857132789, 0.40633612293192312, 0.25298308285509274, 0.068570585751633287, -0.60810067345381325, 0.15596792844781893, -0.19931974810581746, -0.43197696285436216, -0.30322100397211044, 0.37528946362046861, 0.27805255042990235, -0.19175637083210975, -0.27642205096540545, 0.49416066446287349, -0.095803192699786668, 0.11205746373119545, 0.084442037133131337, -0.049018298973380427, 0.20588235381146522, 0.12861088732076645, 0.030633016224902204, -0.54437435295180303, -0.18613387767071729, 0.13442282664838751, -0.29957875076963014, -0.30166792359606392, 0.38593718230738744, -0.53037176251282137, -0.038761230501000943, 0.035482541977779086, -0.27615688651707587, -0.00027626355534134139, -0.24675395457587324, 0.29299751359323783, 0.49019745485589966, -0.64112829691125583, 0.11116284429129523, -0.048151762108250867, -0.16040902988382894, -0.18119502117233924, 0.61140512325680607, 0.15951264857485176, 0.022366226604103413, -0.22459534893518876]\\ \hline20 & [-2.451 -1.233 -0.636 -0.2    1.708] & [-0.033] & [-0.056714653046320979, 0.011158859475694029, 0.40563151024152239, 0.26225388325041415, 0.15249590161538634, -0.22164572824988094, 0.56377475917805531, 0.38028510410091554, 0.16772668877649496, 0.043982282962304012, -0.54515774452817523, 0.35049846680892738, -0.18011951932269257, -0.38688855909895797, -0.19119692906446406, 0.33595135074883631, 0.25900889303070807, -0.22432389004692005, -0.24770938582840857, 0.52630618469048529, -0.13783080144101292, -0.010113608636587243, 0.088333066904807869, -0.067610028508548997, 0.11594537697535322, 0.053216912351603918, 0.14722819007242771, -0.52957498039780249, -0.16532061117835473, 0.16845081199154258, -0.35863553235242895, -0.24628266026465831, 0.30368624567426378, -0.57662020130357994, -0.026836462173278071, 0.040151184097442776, -0.35840188596493638, -0.022069223786371286, -0.3552870673537174, 0.23252528520322863, 0.47634909703500494, -0.63860131983696689, 0.17440558837962225, -0.14196954326224479, -0.10877991186148091, -0.17599272946175434, 0.6037492833982161, 0.20966986515396296, 0.10814317045197748, -0.15337006052147098]\\ \hline21 & [-2.446 -1.235 -0.636 -0.199  1.709] & [-0.034] & [-0.059054365924595634, -0.042898804081644891, 0.3990412953270841, 0.28129784080708603, 0.24854264392357023, -0.24912629684467105, 0.65388576104157992, 0.45980752607791642, 0.088299889510508808, 0.044148757787013521, -0.67695296748042832, 0.41375563161466161, -0.30643413267832659, -0.50112487682306484, -0.26154197883845565, 0.39912674539993404, 0.2075946304945121, -0.21176857675981114, -0.35349836352075048, 0.70173413184649225, -0.24287305752094529, -0.037982511068795341, 0.16501291148176475, 0.011327487310408734, 0.082126247696657606, 0.080851385619616772, 0.076148964186311799, -0.64032350805778371, -0.21298839618912146, 0.16907103728102135, -0.33603550921929565, -0.21701016225906744, 0.42769212253369704, -0.64441740848126439, -0.11489585079415154, 0.03749437080133855, -0.32639783342085621, -0.1914753055350803, -0.38066998775149236, 0.33061411773051497, 0.44354899006880716, -0.63326077742669395, 0.2339001614724345, -0.024625817370612747, -0.015407159752672145, -0.19574930336058075, 0.52213925269617367, 0.33580353793687012, 0.091761295420336522, -0.18440317202254014]\\ \hline22 & [-2.443 -1.234 -0.637 -0.2    1.709] & [-0.034] & [-0.15270922337826001, -0.019579444566545205, 0.33964625888619704, 0.31405003247162294, 0.23415881448371662, -0.24935374668607616, 0.62114149181465894, 0.43740712704358814, 0.017521499702338832, 0.044189065165576413, -0.73228829258850636, 0.37339904989097894, -0.40876731622676887, -0.51954543580119295, -0.22108665775039804, 0.41975299253884951, 0.20144751351991305, -0.26019415534546736, -0.24826234142756667, 0.73764845184280448, -0.26667582839184045, 0.013788012549045638, 0.130746747831119, 0.022130080035680094, 0.070227997954997595, 0.068134496100831568, 0.028382398825028916, -0.62399906942863381, -0.30677415131365321, 0.13206526383241088, -0.3991908232987077, -0.09032107368370558, 0.36987332079570057, -0.61253391442965355, -0.13023659673312415, 0.015099244671444445, -0.44081103786206399, -0.13020525005244296, -0.33106880417066398, 0.29212786739200869, 0.44858126495567241, -0.6308265855593268, 0.082739189307297845, -0.047000811085138226, -0.12683070921912307, -0.22955936850750663, 0.62479750527761591, 0.41117993622155391, 0.052874880178051538, -0.13617207108820034]\\ \hline23 & [-2.44  -1.235 -0.637 -0.199  1.709] & [-0.034] & [-0.066099141783712359, -0.023610501088635678, 0.42421542303879101, 0.40206276545983027, 0.19354372406583681, -0.22982280527521484, 0.60414131936037618, 0.40666115286408266, -0.0030508184314235135, -0.00015660234105873295, -0.78193965273114552, 0.36032422879924814, -0.38328235173099617, -0.46335734010169149, -0.21439572056998674, 0.45501154667241817, 0.20579333585558254, -0.33874815420557741, -0.19128902024756547, 0.76358115800509896, -0.30489893101242543, -0.027813506571093709, 0.065790192123329552, 0.08358623225357216, 0.049002032386294442, 0.12848794341923214, 0.020909846973227932, -0.70038686211311796, -0.30407053978312171, 0.12647359061301006, -0.33020219173583926, -0.13695354456887726, 0.42280111056942565, -0.64151138651729978, -0.083867482259974882, -0.063978797529848919, -0.48281066040987031, -0.1152109350322285, -0.51987706163198777, 0.28733943663091216, 0.43904443308342422, -0.68566715559585489, 0.066441787543760664, -0.026024953347235064, -0.029538086885401299, -0.27699940044422955, 0.3952832670013639, 0.4281253978094135, 0.09686193262225383, -0.16766096372100547]\\ \hline24 & [-2.438 -1.235 -0.638 -0.199  1.709] & [-0.034] & [-0.012114169933052759, -0.087666413860773007, 0.36616375760727871, 0.42719024643404485, 0.15791777424519227, -0.31902300060820737, 0.5569015165856902, 0.40635919615503996, 0.085929137224634106, -0.038859449611456653, -0.74935833475027336, 0.37471478699005661, -0.43321711229513971, -0.48226202598102308, -0.192697146400198, 0.48142731361291896, 0.20013720909353289, -0.25582481701953197, -0.27828617580047327, 0.6783380443466186, -0.25887243949104338, -0.01298010226204299, -0.12324426169557506, 0.074115545924616069, 0.077159819126492349, 0.10057537922300618, 0.00090408684505444441, -0.74194203122784175, -0.23168263738598696, 0.22717706309471544, -0.35794195060736789, -0.13717141256032456, 0.39149177882468356, -0.67170920831870928, -0.07521915917254246, -0.026041667294433597, -0.38869993449820905, -0.16471217809529071, -0.59366851007064747, 0.23688301862165495, 0.4969941508755501, -0.713957334359129, 0.23702471840718567, 0.10539495323745272, 0.015180316799938861, -0.25201949503116128, 0.49834887205710277, 0.31554781625690903, 0.09796189009165189, -0.19608693895178012]\\ \hline25 & [-2.433 -1.235 -0.638 -0.2    1.708] & [-0.034] & [-0.023080744467676037, -0.16452332294223618, 0.31074552235979824, 0.5070648204299163, 0.14257996882279569, -0.36687225619300085, 0.62090035798667054, 0.43707202247958959, -0.097738490564543742, 0.031907416292410222, -0.7160075647568882, 0.37463219564784123, -0.33659659219014015, -0.46920167024403825, -0.11557720253652801, 0.50195042263894307, 0.32187108244653212, -0.26244433355350782, -0.27993978358435695, 0.64400678345128681, -0.30564693283532257, 0.11472924275944103, -0.069175626711465432, 0.17911893254056147, 0.13912854572784691, 0.076441602088385727, -0.058545598432146136, -0.61682285024420502, -0.23153283020170171, 0.26672567609112313, -0.40207987408721674, -0.19215143335734503, 0.50679166036442869, -0.70408334406750483, -0.074199733154140135, -0.072931099800687377, -0.31901855800196416, -0.13061098077796496, -0.62863094601282721, 0.21217524614881669, 0.45322796305626584, -0.75248778811235306, 0.1117717936821102, 0.044259988905771652, -0.054011918890026371, -0.12288281032509832, 0.5152085837972209, 0.35356343034626753, 0.11406274859442221, -0.22090371513685392]\\ \hline26 & [-2.433 -1.235 -0.638 -0.2    1.708] & [-0.034] & [-0.063605137563474093, -0.170471790172876, 0.33021470107188933, 0.63193283366430075, 0.094872400353306005, -0.38513436708973992, 0.78235921311799483, 0.42561960971281559, 0.062680323407171973, -0.0074705803548238674, -0.7179623984014698, 0.28046216829787529, -0.2830451288357157, -0.42644804639281103, -0.11054560870199855, 0.45884548906427208, 0.23503353332300192, -0.19865643400483654, -0.2084667270142907, 0.62180009620275623, -0.35482130838187392, 0.19266550684222419, 0.023246259254751472, 0.17469330526302004, 0.17602171604246578, 0.099124956377351622, -0.12457350159871511, -0.66740353027349142, -0.19856067022113508, 0.32564731286685505, -0.51634571395092566, -0.21230222730461734, 0.5068254291805715, -0.70575214036619338, 0.038424198092920692, -0.065967506122073319, -0.24252225751056386, -0.12815388553418286, -0.80180075662271566, 0.19918123888310169, 0.50343015112876388, -0.63729732861688626, -0.036455477390622881, 0.037391273614029559, -0.077158730097985753, -0.088761506202979276, 0.48259921598731642, 0.43581093662443149, 0.20461648197491264, -0.25288430893461117]\\ \hline27 & [-2.432 -1.235 -0.638 -0.2    1.708] & [-0.034] & [0.021157591626199304, -0.21452953149555318, 0.40398671094734495, 0.62612605262775023, -0.074615872695808078, -0.45531118756439609, 0.83633947562695776, 0.43613665426650489, 0.051237769190611904, -0.039871534724225659, -0.70153802113251096, 0.33822257487043533, -0.35096627034999284, -0.40996609994334554, -0.13769605702015589, 0.38338393983991459, 0.25754034858641789, -0.2263102609726764, -0.32608991366912721, 0.61261418397263501, -0.3462095339382632, 0.19918956088190859, 0.03039758105407939, 0.053628801315479632, 0.16411846511564565, 0.19536612125580752, -0.12355403302132353, -0.6781630028623481, -0.16005923421070223, 0.32884769948316006, -0.67435979320709916, -0.33646820617162604, 0.59518602711578006, -0.85168950131011067, 0.089009301834031537, -0.031528958198593075, -0.36111866426052985, -0.062920431754891898, -0.85808212779480697, 0.30502805109757936, 0.60425493533792585, -0.67532507109013595, -0.019869482794107218, 0.054113371953665758, -0.089027350061273658, -0.042078096566135419, 0.5087970182654199, 0.46091330162587929, 0.2998425524082054, -0.24296787113643903]\\ \hline28 & [-2.431 -1.235 -0.637 -0.2    1.708] & [-0.035] & [0.095906959686611351, -0.28072647886940472, 0.41570751876050871, 0.67166965671960688, -0.13229594205744413, -0.42143452075071897, 0.8500816467904202, 0.4189588510924368, 0.01282982660124002, -0.056187925224030537, -0.75813913482239625, 0.18338793187420485, -0.46027267759965002, -0.44216295556495555, -0.18988743378702658, 0.39902719745199955, 0.28451687398675046, -0.24323658500784659, -0.39345533160425722, 0.444522479173459, -0.42069403459393429, 0.26929092954831674, 0.085001623727055789, -0.10168826823176472, 0.099050291292362216, 0.16080522489313717, -0.074254334794058241, -0.63354286555429074, -0.14294275405538437, 0.33631016209420944, -0.73549055054161938, -0.38725282050406612, 0.52210984411144146, -0.87895765872701892, -0.0010244413078244891, 0.12946373395459956, -0.46161054175417238, -0.11656646532143282, -0.82450820356124654, 0.32681117643306185, 0.74950487946337108, -0.59359434083286167, -0.099648653259117467, -0.0081506788309171491, -0.012574640344528839, -0.059794509961228919, 0.64853799595351036, 0.37347652104111034, 0.29268481443762334, -0.2377973797854068]\\ \hline29 & [-2.431 -1.235 -0.638 -0.2    1.708] & [-0.035] & [0.09319671355507364, -0.21577776051311456, 0.40075185246656836, 0.66314797653364554, -0.17082148108597167, -0.34244915330004183, 0.8304259399092434, 0.46351788870110744, 0.041028152264449884, -0.15739418709245762, -0.83345439248217834, 0.15345821424617906, -0.44475976657056493, -0.31272668106477713, -0.29024257789908842, 0.33495750962205884, 0.17580957501002023, -0.10305950238513105, -0.33199761769712083, 0.4897673146567626, -0.31698940766299871, 0.35980873737312158, 0.016934422758047657, -0.13522282083215773, 0.17695721123095812, 0.22511417550582016, -0.051950960868877676, -0.59375061069458046, -0.25138077838721867, 0.401475478345588, -0.8379315345855971, -0.32906680970216329, 0.62140041119752076, -0.85803916959258353, -0.002972020711409183, 0.1118367499363447, -0.55988346061992145, -0.16746577497631832, -0.80538584428301652, 0.25291282481032618, 0.75059866877373771, -0.61735318889779744, -0.027063361171703229, -0.1380756114703518, 0.020460083370853019, 0.015074385113109684, 0.73384427274818986, 0.31488285473316519, 0.35981349476204638, -0.28697586433334804]\\ \hline
    \end{tabular}
    \end{center}
    