
    \begin{center}
    \begin{tabular}{c|c}
    parameter & value \\
     Starting value of $\beta $  & [0, 0, 0, 0, 0] \\
     \hline
     Starting value of $\eta$ & 0.05 \\ 
     \hline
     Real values of $\beta$ & [-1, -1.2, -0.65, -0.25, 1.55] \\
     \hline
     Real value of $\eta$ & 0.12  \\
     \hline
     $n$ & 100  \\
     \hline
     $X$ & $\mathcal{U}([5, 5, 5, -5], [10, 10, 10, 10])$  \\
     \hline
     Censure & $\exp(30)$  \\
     \hline
     Optimization method & (gibbs)  \\
     \hline
     Seed &$1234567$  \\
     \hline
     Constante &$Yes$  \\
     \hline
\end{tabular} \begin{tabular}{c|c|c|c}
    Iteration & beta & eta & Frailty mean\\ 
    \hline
    0 & [-0.399 -1.267 -0.569 -0.359  1.583] & [ 0.05] & [-0.33135461535330274, 0.0, 0.043504131084343201, -0.33548871796471846, -0.15297604252633765, 0.0052170186379674188, -0.01910239600851979, -0.11478329827073333, -0.089928501158767271, -0.025782963576924618, 0.0, 0.099394423947448837, 0.0, 0.0, -0.37297070929586362, -0.071712065113755649, -0.34112685674788357, 0.15211569385831963, 0.030299753564844524, 0.0, 0.062811828572670036, -0.2526183859192665, -0.24827771558305428, -0.0078705870136104045, 0.090116690961307172, -0.16232419735082629, 0.12600884188658451, 0.12914893835426652, -0.68053939687672527, 0.078778354015797969, -0.14297530443313586, -0.026708960255563709, 0.46178565984363468, 0.027793279081513689, 0.081696256860893865, -0.29637202350489583, 0.015265490804464847, 0.024701844581269228, -0.085475118030117092, 0.11491859703497574, 0.32828256656438409, 0.30914450118692821, 0.0, -0.18413675978229443, -0.013912476176574677, -0.12399859888775872, -0.10463647788573327, -0.024326793683767584, -0.31206549566297881, 0.13670536527528562]\\ \hline1 & [-0.599 -1.281 -0.577 -0.352  1.613] & [ 0.045] & [-0.27213626219823756, 0.052535871890213956, 0.10207683990329483, -0.3024191349846454, -0.099848605920142955, 0.2156133372753431, 0.2100188017501653, 0.26051491097208074, -0.46505120728917343, -0.026631482334064805, 0.0, 0.071075309210651194, -0.17038735841408334, -0.10240820249443106, -0.33656485202391223, -0.037664312250673342, -0.10482060316077726, 0.064957085210383139, 0.30110982454992613, 0.0098704101918656792, 0.069502055541248692, 0.09850414059500745, 0.033861246843739201, -0.098936074037465113, -0.14723789898809442, 0.15767221111049695, 0.060698041316742647, 0.11243341965122497, -0.58976778002125985, 0.034811981998679339, -0.08105741190795232, -0.040248194063659683, 0.41870691759327755, 0.061343378189566047, -0.0075589651402713049, -0.029773706891751472, -0.075111950273373196, 0.068209662816931221, -0.34833244675308489, 0.020235758143729517, 0.12743293434153294, 0.31879643627866827, -0.016624593113330297, -0.24618715995808821, 0.22635500916057111, -0.16932017209275876, -0.088497879942153163, 0.32292176624670449, -0.19242883258510859, 0.032951216314086547]\\ \hline2 & [-0.722 -1.263 -0.568 -0.347  1.606] & [ 0.022] & [-0.19736078278960958, 0.014423040361920311, 0.17268526020311567, -0.099547935491210132, -0.027487358741879731, 0.16605652703467308, -0.020928603061940238, 0.21502881435047139, -0.19815047932139188, -0.12391982279500238, 0.12469578111227972, -0.044109721528089639, -0.10237531580741432, -0.038445341944239202, -0.18547975965598845, -0.19000179372944553, -0.12893744204606544, 0.20374117136789965, 0.20155533253282401, -0.069902864193280553, -0.1008865203136792, 0.0026484111784240124, -0.0093102301746928687, -0.1566151755627225, -0.21510631566853888, 0.17847178298702662, 0.0071871481766548227, 0.11255745683684282, -0.35074330597830539, -0.053325947324779702, -0.10174738256411064, 0.049792385575209291, 0.18262268281148908, 0.072960994092693576, -0.047024717626560526, 0.048432464942017021, -0.039148938914520863, -0.10854746616620273, -0.17509588827225708, 0.056943228658256441, 0.13756820103170322, 0.15771337536889582, -0.12651869236349583, -0.053547750860104652, 0.019239423633213907, -0.28144370523415096, -0.017094164169665374, -0.028239149506027589, -0.27613880456028428, -0.037167566460469689]\\ \hline3 & [-0.816 -1.257 -0.56  -0.346  1.606] & [ 0.039] & [-0.3729411141028714, 0.039217961563803021, 0.36062320060111658, -0.35867472059387284, -0.18052431075326689, 0.34265691973109991, -0.046604555755414383, 0.48916663254348181, -0.44310188263943762, -0.45422614571443498, 0.34992304434311439, -0.19082758670295974, -0.061184531408809376, 0.025611771286755278, -0.14143315132006354, -0.49870263900594897, -0.34576267438819386, 0.56321272516981424, 0.36406252083150337, -0.079905124409427208, -0.073863523045806859, -0.21104075124008626, -0.016816751133926066, -0.31593145821214103, -0.38853919936011599, 0.47429672736772449, 0.064783597526654205, 0.39553394473915598, -0.62870757079212003, 0.023894026552164421, -0.13666713350252899, 0.016359286172290183, 0.16250293103502189, -0.0047175612946496557, -0.11481970171719108, 0.17758219823388907, 0.068486315725774682, -0.23875720916519186, -0.5076651920707359, 0.13787707776121497, 0.036611239590259352, 0.50800541847330538, -0.40561657990710864, 0.090153741435446647, 0.045907105497759067, -0.15350720824721056, -0.14088571859109841, -0.15668636523319629, -0.30162568426874986, -0.046584645250598904]\\ \hline4 & [-1.013 -1.252 -0.559 -0.345  1.625] & [ 0.014] & [-0.18594977164776069, -0.060648283792194786, 0.12530040278059548, -0.18757583296842387, -0.0072165729096095093, 0.079529797521917203, -0.032988196994073404, 0.16313449389678736, -0.13619877069913053, -0.23494440566627611, 0.12509986546581792, -0.038652209128089324, 0.092860778648048328, 0.050443362162011368, -0.08592980183582298, -0.169192156434885, -0.1389828115587162, 0.13599145137033855, 0.11413880845500878, -0.0449873465641129, -0.015273135139407864, 0.012824287411492536, -0.0059905126826722312, -0.053774473027799918, -0.093360907071546304, 0.1825933601978201, 0.042605874495466371, 0.13550847919675649, -0.19728893436804218, 0.0085115165600720358, -0.0060212298932260742, 0.032727094366444734, -0.061791896524675316, 0.064112352382114032, 0.029608053382070072, -4.2365563274300431e-05, 0.098379821898024911, -0.073130982161884114, -0.22055071148472374, 0.082257519184051484, 0.0057610921752351534, 0.22311725200399887, -0.051740468796537098, -0.01061064929932156, 0.064271460465096381, 0.026283362135641891, -0.12484430462926585, -0.092101553323620008, -0.0717691042544399, -0.10260715350088893]\\ \hline5 & [-1.056 -1.253 -0.553 -0.347  1.626] & [-0.004] & [0.044409855771742078, 0.022597294137775566, -0.014032988378017943, 0.045717087009637496, 0.0086598015996577522, -0.040371099178421486, 0.013702286410930763, -0.031869795205807266, 0.026813963920834478, 0.073054504871011353, -0.0268827479903864, -0.0067985192376951607, -0.0064328376339433399, -0.010751872717711291, 0.0069408762659974223, 0.038041115904439329, 0.065154834658941688, -0.043694996096388362, -0.043204283243017942, 0.025028778181197149, 0.0056953553014010283, -0.005777697580374155, 0.0058146558458303495, 0.012881111570020757, 0.035926571594152731, -0.051679928676621176, -0.044315973955011294, -0.048439153730650608, 0.05292111247429359, -0.0023165477091149512, -0.020162362459724172, -0.027841907748446432, 0.03667575251551241, -0.009218397002165736, -0.020810521298161296, 0.011180816266844508, -0.021658952707322245, 0.03069072739362582, 0.064368410711327526, -0.013438962059621584, 0.0064326954661010705, -0.056417224121750618, 0.0032507654164237619, -0.0016170687980725158, -0.027161896838161437, -0.018975131574157551, 0.028136468536549279, 0.033332039614535104, 0.029648918421980155, 0.034848998096693444]\\ \hline6 & [-1.086 -1.255 -0.553 -0.345  1.627] & [-0.007] & [0.049687068788159469, 0.016686150265223621, -0.031800827465715165, 0.10913403929925464, -0.002682971612709379, -0.061686196242959075, 0.029023962367828064, 0.018542355418375948, 0.027103163018312844, 0.14302000666065864, -0.077449735383652796, -0.088758099126852258, -0.015659109308573775, 0.012738807934154188, 0.048989136612115187, 0.087992564591480388, 0.1628099286539903, -0.0095865039193026268, -0.097968320367355352, 0.066749279852154994, 0.029673017343485375, -0.046734030703631801, -0.055138429189304235, -0.002285724248394419, 0.021652042390628439, -0.086308669198699464, -0.14598995350128627, -0.080883942065840111, 0.10072474530407073, -0.028714347437216414, -0.0074326946907642888, -0.13080779268064777, 0.092301558346566587, -0.035654820665268767, -0.043841702543373808, 0.024094996494515575, -0.035606583133192073, 0.070608235765134725, 0.13352047648969942, -0.016481381788936086, 0.014194618835181283, -0.054000168509331974, 0.017392513780310908, -0.017139328288984405, -0.079839780030580829, -0.024547458765038669, 0.023723772498963437, -0.0074524195763759011, 0.093862646291927324, 0.059340164891658796]\\ \hline7 & [-1.09  -1.257 -0.555 -0.344  1.63 ] & [-0.004] & [0.049742854182235174, 0.023734357751842777, 0.026997538806819845, 0.097201781218952954, -0.047596298016730376, -0.046825951323694687, 0.017271748253688844, 0.01155134594958797, 0.033951269230760833, 0.090369067410500784, -0.053374951158813376, -0.08020111533695784, 0.01588832823416143, -0.0080726877418567933, 0.062811374110334287, 0.029250922544892508, 0.079747618814159316, 0.0067132702693141078, -0.054840054313472032, 0.058052883613350696, 0.024675287897381229, -0.019435436951012526, -0.048269740506296545, 0.0036658657605236804, 0.014816552527488014, -0.041439828165766711, -0.10861653277563002, -0.062241702138106654, 0.077790162880767191, -0.019413604242015138, 0.018814562613831843, -0.077033426198200819, 0.085779139269162072, -0.014622329479819604, -0.0095917751169202446, -0.015954452732548099, -0.032753976901349804, 0.021730301045558394, 0.087655721771067147, 0.028827578507718984, 0.008372361329069284, -0.055156365835180111, 0.029010940693912687, -0.0041671239143372951, -0.033972264189198922, 0.0092913699835011371, 0.0029762081295665135, -0.041357072617271728, 0.04788410055009288, 0.04577856622212944]\\ \hline8 & [-1.103 -1.255 -0.554 -0.344  1.629] & [ 0.004] & [-0.057470754948167745, -0.024643895047001301, -0.040312358593660377, -0.074365841145489844, 0.041292634093908522, 0.067704212460840477, -0.039394530884769137, -0.0013661381968163944, -0.048150145936351134, -0.094809617937228363, 0.048330127300673716, 0.093295079242254192, -0.023848964418089397, 0.015522069366935183, -0.072722069839312148, -0.031424851592770989, -0.060181810550512034, -0.016884460271482563, 0.023245890908311903, -0.048551965706601571, -0.025755890428298324, 0.041730157112444745, 0.051163650925199769, 0.030208112714397616, -0.040693521311940643, 0.034723239810194768, 0.097978234147403503, 0.07281748658125145, -0.046404967320167877, 0.04629359008762432, -0.0045452402869832695, 0.083828761582292896, -0.075291009283517993, 0.022629760581567647, 0.017218235400711993, 0.022620919918313803, 0.0082277564970891313, -0.036563502890039463, -0.079927595409094748, -0.0092958060288307869, 0.008096495811560623, 0.043779014804747544, -0.02799252425305988, 0.014812673130827026, 0.031215201918984258, -0.012309854108675366, -0.026448797666677629, 0.038444471836752592, -0.04315061421229327, -0.029527197360416667]\\ \hline9 & [-1.127 -1.254 -0.55  -0.345  1.629] & [-0.001] & [0.014945790493335206, 0.0071922168121042159, 0.011754058336068286, 0.01475637580582778, -0.012114236186759107, -0.01656053532689979, 0.0065179774320905286, 0.0042589668389432971, 0.011226889705934055, 0.01887294905741984, -0.012951787905463018, -0.020862821589368925, 0.0037502231638735666, -0.0063272017892529071, 0.015377284441548957, 0.010911363995952522, 0.008830544703697223, 0.0025857343649048361, -0.0076988732317362345, 0.0060338481519579034, 0.0088805470448174075, -0.0073921707180452162, -0.0062984960057703952, -0.0068866955516099044, 0.0077977784815640352, -0.0090273759185210654, -0.017812417596781489, -0.011408117095735677, 0.012147006579749481, -0.011649373527367992, 4.2582353592203972e-05, -0.018051412643160132, 0.014810570708396477, -0.0024488555394299723, 0.00084955099201738384, -0.0058372177464971493, -0.0027849846314106064, 0.0058220699442833807, 0.023342238029550089, 0.0072969371501543801, -0.0039772634192869081, -0.014038105302963842, 0.0041453755083896409, -0.0026987200616820856, -0.0039608070113106592, 0.001688150206563077, 0.0070775250763024005, -0.0098319323853866061, 0.010883073275569262, 0.0077923892089560368]\\ \hline10 & [-1.138 -1.254 -0.552 -0.344  1.631] & [-0.004] & [0.06819888817959581, 0.030729284928904602, 0.060819402419429951, 0.081338132103166053, -0.063968032860816953, -0.13032373342459008, 0.068417385657719931, 0.044748420675210121, 0.052829562670033914, 0.095436116868932566, -0.067816753469526272, -0.10717793841726211, -0.035037150764067611, -0.0465391183612247, 0.064829052540455442, 0.064825800235700018, 0.068570538947688373, 0.01136853430149465, -0.02762771168095474, 0.02734762888849419, 0.066563332253225874, -0.022591372116870831, -0.0074465564920451, -0.017497050822843481, 0.060120549899699574, -0.070629484678954579, -0.088804716650961638, -0.025581517944219825, 0.067462477007994875, -0.10268112538419445, 0.010879703977104992, -0.07437735430438179, 0.080481082690402939, -0.013861025176507055, -0.0040970871937897196, -0.030057862404933799, 0.022330371265843377, 0.02856718886914246, 0.10977453284110091, 0.058446837226652316, -0.0066337362696738643, -0.096188019995833166, 0.029129885133689623, -0.060180060209713192, -0.0039345379684067854, 9.5944483006965304e-05, 0.039944871684196241, -0.050703974198535111, 0.045755677879193817, 0.04085275508153894]\\ \hline11 & [-1.14  -1.259 -0.554 -0.346  1.638] & [-0.014] & [0.21187984875578827, 0.24755151841432979, 0.18808692241127586, 0.2783808683253054, -0.2085155276462132, -0.39101813470426533, 0.20547956141124668, 0.052016911792207882, 0.11781992589324244, 0.28066121575670866, -0.21857607431663956, -0.36312869756077559, -0.055241205257076736, -0.16981801593687681, 0.23714255192242054, 0.24323231365655645, 0.21119403676150222, 0.06792411759234325, -0.13652924893365337, 0.0928502808908232, 0.11866576220267464, -0.042249507633077971, -0.11022567497026539, -0.048457201176584044, 0.16922404391964768, -0.22939382942641198, -0.32555529059863592, -0.038638627857257565, 0.18101795156043635, -0.36380598000635012, 0.029521410483862132, -0.29421169284284676, 0.2579385203208166, 0.011205912282977003, 0.034119282761893119, -0.07337064733516277, 0.21658505770440439, 0.21326881928969715, 0.33071979491657899, 0.16372017611965836, -0.1149358109106859, -0.29073337193426857, 0.033347139444287521, -0.18959802583378754, -0.031917843438770299, 0.064624976589045369, 0.10890846105893977, -0.1729144621138726, 0.20820348263995392, 0.20753514401892098]\\ \hline12 & [-1.146 -1.281 -0.573 -0.341  1.661] & [-0.023] & [0.22589835817555923, 0.42137997195813143, 0.45963339118264185, 0.50867276509833947, -0.26745986051533432, -0.49702021517619638, 0.23730361096022035, 0.060524856344123128, 0.2793396742919021, 0.33576904969203109, -0.36351914103044242, -0.6422874975530416, -0.087441771189389075, -0.31072625874814097, 0.41861469026999037, 0.48354925010431704, 0.26791233332298925, 0.091406330039462913, 0.070813037694390832, 0.32216708775979724, 0.2811242809793586, -0.076960033369783201, -0.19317064885278881, 0.020659812397662992, 0.37776300461206214, -0.37666795204916087, -0.51211155389624885, 0.12931189651218966, 0.17969763892661059, -0.5545301552395745, 0.10598267388070585, -0.44771997620196535, 0.2084293811191078, -0.076816840307287526, 0.10671136877321215, -0.20061753035685856, 0.3626940516059019, 0.23197948763558879, 0.51029204862722577, 0.36371453101056617, -0.036165038081104078, -0.44946043084039328, 0.032852322110696414, -0.18548930885639267, -0.087079529981289039, 0.047083171356057545, 0.11482653110424502, -0.35773772063552872, 0.21979036340762659, 0.34852521113404672]\\ \hline13 & [-1.151 -1.296 -0.581 -0.343  1.679] & [-0.024] & [0.2219239852126571, 0.40657883977706943, 0.50947976068142831, 0.67088817747425999, -0.11790571598842321, -0.4553827844166296, 0.29827822460345688, 0.11687191742824238, 0.3305356706302669, 0.33770854144248325, -0.45966236984535702, -0.80254522158656139, -0.05752429144964849, -0.26245035432139668, 0.2498241546604818, 0.51809978206588958, 0.072507802709779329, 0.17353506277796965, -0.046494392073998726, 0.59960474845193379, 0.26361108308031556, -0.18513810564453245, -0.10187859863900994, -0.0048145787055862022, 0.29590292160574383, -0.31440861408812698, -0.49937399768537083, 0.11465386877610263, 0.18489407173515648, -0.51420009014624823, 0.35667546656999749, -0.41518133280870839, 0.13468904982521426, 0.04330501228528736, 0.18033891143058967, -0.19822872420987311, 0.42975020828462213, 0.14180038237394008, 0.49041141400921573, 0.43948788905036557, -0.063526113180567917, -0.58691364713802341, 0.10606818220544321, -0.17824535450578841, -0.23929612998812794, -0.035910430132356917, 0.20706368597301519, -0.35127030665656866, 0.27256541935627054, 0.39921976030469492]\\ \hline14 & [-1.241 -1.301 -0.584 -0.339  1.689] & [-0.021] & [0.16602802719349757, 0.31571335798946565, 0.67481306759374715, 0.64463471435202691, 0.013215414645060857, -0.39236713730255673, 0.34752074395867666, 0.043226100268250453, 0.29457427196915953, 0.40644233598630591, -0.39688045039930359, -0.70538354460447206, -0.062581911856520955, -0.22097907768545949, 0.28740026115067041, 0.53409367643054306, 0.013863469164215636, 0.17045833730307516, 0.057168324608490959, 0.53868847233765749, 0.24057415348898523, -0.12920413200937669, -0.1554061953460244, -0.081944662124645087, 0.34976919232884035, -0.20771940379893031, -0.56189883108406991, 0.05923589877762786, 0.18573631546310623, -0.47876012802983148, 0.36902480573471974, -0.36326089021362812, 0.16235182476159477, 0.018012170330933747, 0.16346631163156566, -0.1353974460710537, 0.29195791133387033, 0.20810833338030346, 0.3299192090318237, 0.42633748758782575, -0.04978569481602698, -0.4487395723024703, 0.16143067354067991, -0.070861709944235574, -0.043488963800768374, 0.034764778640088062, 0.26180330062733781, -0.41951955983299744, 0.24803272726291711, 0.37217353019945981]\\ \hline15 & [-1.26  -1.287 -0.577 -0.342  1.678] & [-0.018] & [0.39214347737996208, 0.21133272209597032, 0.54639738272693239, 0.50916458230353256, 0.056928775346357506, -0.4353710723055137, 0.19090815124569907, 0.055756829665902091, 0.25141209434410472, 0.41785093401090123, -0.25547627697719644, -0.74328342487370025, -0.073017398078577003, -0.21341409655052698, 0.33388121278941962, 0.40664613533745619, -0.024175460920839907, 0.21913188042543333, 0.02492714500661777, 0.28979200161540852, 0.21432875916047545, -0.17551836665769321, -0.082376127121960491, -0.028403093224819181, 0.22068304804015354, -0.24307361011161055, -0.52453387832727671, -0.088614983271733255, 0.11008827937260973, -0.35385197598993134, 0.30185161474563482, -0.36741324559397187, 0.21551198253259249, 0.0052814567717642631, 0.160341735286261, -0.12848504713312023, 0.21968223046041255, 0.12021278086525415, 0.29249805651179955, 0.2947960199030295, 0.045021862263103674, -0.42748243683659687, 0.15895112376138598, 0.014079155010788349, -0.009278158139821616, 0.15248670486128885, 0.064423023751886563, -0.26000115809319851, 0.23948873895997613, 0.23032872743947125]\\ \hline16 & [-1.298 -1.285 -0.562 -0.347  1.676] & [-0.014] & [0.33583875403323116, 0.1325545754526101, 0.43672235183741831, 0.34005293405725706, 0.061397403917242604, -0.27626176451278794, 0.13247171934316287, 0.082158770836484096, 0.19516299121232777, 0.31497573023470848, -0.20376914044190225, -0.59216865014788811, -0.15684249693324837, -0.06589490931999005, 0.18517208941923299, 0.37087133447674425, -0.014488551580844508, 0.21310231659052842, 0.048949452551088173, 0.17305731857080062, 0.19007930030332984, -0.15620912140051205, -0.12314411184002724, -0.028449427570095099, 0.19053004021757305, -0.21279991236590221, -0.45111439346994942, -0.074992411005210965, 0.099807679798974383, -0.24661293378370983, 0.27919346911957099, -0.35757272912601368, 0.073998351539122723, -0.10042009727718286, 0.14178557436421785, -0.16206233265380027, 0.13593163507270623, 0.16674224521626901, 0.19495827254532055, 0.21336303998300885, 0.083432545135916136, -0.23507003868133836, 0.13508514851591913, 0.043254614298476782, -0.012904228836893681, 0.16133855837887046, -0.036427644471452261, -0.24089565640268218, 0.29066245265751361, 0.21252125015455989]\\ \hline17 & [-1.321 -1.274 -0.559 -0.343  1.67 ] & [-0.009] & [0.25883782508372216, 0.091020589537779112, 0.26343733966760302, 0.18858193490109446, 0.030455719036857263, -0.18108890816186174, 0.10096709141304655, 0.040385066549698624, 0.061670355318021744, 0.14524973377008954, -0.14934117108001058, -0.36128193986741375, -0.11761786582202016, -0.071990603988647386, 0.14934043450171497, 0.21970967882916947, -0.034486013676380906, 0.13823518020041864, -0.0025876289580371113, 0.10531668473617047, 0.071753565137541345, -0.076191613406213235, -0.04064738597432925, 0.017987560992201466, 0.17503128257091261, -0.10732892583046535, -0.2922729746925653, -0.055436807383332079, 0.062302080081084552, -0.18616629162041679, 0.21544552704896824, -0.26469799860073001, 0.057831983993745659, -0.042682441223156994, 0.0542828156398363, -0.17421205237745416, 0.040578035373651636, 0.13019799955520819, 0.12779466885190527, 0.11788000747943497, 0.060989767198891411, -0.15505120669301728, 0.14235633513701923, -0.033087569810626147, 0.017508071633429656, 0.093815737099971708, 0.025768962394883937, -0.11288876835813842, 0.18476795469871463, 0.12344116845467207]\\ \hline18 & [-1.33  -1.268 -0.558 -0.343  1.665] & [-0.01] & [0.30674380939440005, 0.14525336945366035, 0.29679054813187644, 0.1519327183567499, 0.080909737184561639, -0.12982195541285302, 0.13978936228553279, 0.054639746996841695, 0.0029195917373993231, 0.14926961039476094, -0.14814969601250555, -0.46663939345285904, -0.036294968050037617, -0.049991194591885592, 0.20234853815806123, 0.25006734545699205, -0.097363003672513174, 0.17449955302100986, -0.06565920006532612, 0.099980748076304443, 0.10746700330049147, -0.099635955497469703, 0.027633323825763896, 0.087592877141657671, 0.22778582599328823, -0.13076491263617712, -0.33351226112456367, -0.070371345790819786, 0.068824992983076275, -0.16365069407842481, 0.23004629857634273, -0.26643126278034063, 0.05440005397360622, 0.013129479939446574, 0.0070454210637867299, -0.23846123296866034, 0.056555092752776967, 0.16370192329650207, 0.10179125012797392, 0.16396009552901372, 0.06621914582207572, -0.1651513872603077, 0.084000892222567611, -0.068651532093115336, 0.067264097834087919, 0.13406602256750594, 0.02164581696001093, -0.11119120812873998, 0.23097469028215808, 0.15010503418820439]\\ \hline19 & [-1.343 -1.268 -0.557 -0.338  1.663] & [-0.008] & [0.20360294203901513, 0.047838732359404876, 0.21090096579385786, 0.11826898580002196, 0.04157489328351973, -0.081888913125606172, 0.12081287927004276, 0.076537919580823441, -0.0067604195441068726, 0.092051770857322662, -0.11458535195152475, -0.37945584904695118, 0.038864172012379496, -0.042690634005778098, 0.20050637111438618, 0.15732759646643069, -0.02636373183361929, 0.090288264025874546, -0.061173133984941966, 0.069081892094027361, 0.097444901211710191, -0.12405177030998397, 0.0051316218388480321, 0.072326999112564308, 0.19448881835329324, -0.055403372566215157, -0.27450139079644081, -0.076589219427768265, 0.040910656209512439, -0.12283893697928311, 0.18089405720218912, -0.23402086727785867, 0.029599877897324454, 0.011062571134414627, -0.037414576877524336, -0.16207803340038102, 0.065552268769121083, 0.1243591993343212, 0.068824715079031623, 0.1243460707421007, 0.042375949400468266, -0.14123360804556098, 0.050375401035191419, -0.08789402177708637, 0.016861348211041884, 0.10013450437234886, 0.038399687619038364, -0.0099135032432075224, 0.17647457351375265, 0.13763972024393831]\\ \hline20 & [-1.343 -1.261 -0.554 -0.336  1.654] & [-0.004] & [0.098294185167550771, 0.021227213755896319, 0.1083333214470924, 0.090855783751192631, 0.012671247573741128, -0.038002562968492158, 0.082621068423364349, 0.058429025217780733, -0.0021052438339414668, 0.041251683010943042, -0.0324021737160608, -0.22585880485496759, 0.01433203293309648, -0.0042315854052571633, 0.089190910189882067, 0.071388631658441254, -0.01480728081605388, 0.044321798669610175, -0.011568558649963203, 0.030608869001076639, 0.033832864378404832, -0.05191028430135472, 0.016885210238984514, 0.016619468502693038, 0.106107253613817, -0.019385580681093674, -0.13928363020332252, -0.041111820900634505, 0.017807595774283511, -0.058063813830913129, 0.11237109610831678, -0.11743358009211578, 0.027937081983341928, -0.012596394191699035, -0.010547192598350212, -0.10020977440942867, -0.0015558812856301275, 0.066278159492975566, 0.055956570970555869, 0.053084972992359751, 0.014434511074692194, -0.066183441630645684, 0.01157424765685802, -0.056310547727066868, 0.010243689457885815, 0.030790578248632485, -0.0073295326167277033, -0.020476687716780777, 0.10700181737191052, 0.060850142578685568]\\ \hline21 & [-1.336 -1.253 -0.55  -0.339  1.648] & [-0.002] & [0.033321271502814491, 0.016384216846675289, 0.047974731099884357, 0.03699728266175499, -0.0090683854808527205, -0.017804235662956774, 0.036566305856355077, 0.018503696784672796, -0.0016973882343286493, 0.020504318084030426, -0.0061716656884073691, -0.079728195584930495, -0.0032433832177358123, 0.010754559890803036, 0.032581243108806876, 0.031403026709269664, -0.01400502770108053, 0.015372975264547709, 0.0073671930391319487, 0.014750116701745286, 0.014443565246817719, -0.014620054501904007, 0.012219406295279222, 0.0050464402413633027, 0.047442542851089536, -0.0057781251196825688, -0.052551230771918207, -0.012453615783203979, 0.013335199613480593, -0.022385414608561201, 0.039956474544120116, -0.037836524006461113, 0.018231608606321257, -0.005680484099286549, -0.0027330198437574876, -0.042640836251960773, -0.00020199753270736047, 0.030194092462198265, 0.026306503813448161, 0.024564318941539764, 0.0060472371883757486, -0.031849579735935246, 0.0016733901282650829, -0.014209217654265836, 0.0019098075614914375, 0.012588157547990768, 0.0037309955508977354, -0.010599885307489246, 0.04940775747253838, 0.02162257201518622]\\ \hline22 & [-1.318 -1.252 -0.549 -0.34   1.645] & [-0.003] & [0.076550197915160476, 0.033978685796453301, 0.097226871195246742, 0.063880135522780004, -0.0067919946284176304, -0.040751155701387709, 0.073345072220586269, 0.032124656306775912, -0.019105519046299736, 0.039935791594874079, -0.0092365353370780934, -0.19777495647977, 0.0019252911963448635, 0.044999207141531293, 0.071217339499158441, 0.068037868237182414, -0.031746020989056024, 0.033096352632009385, 0.040961613192871608, 0.036916596596561768, 0.026988612038766818, -0.031375948491522018, 0.037545347239060667, -0.017821772050105732, 0.088717038633389589, -0.01896417047066095, -0.11282120812459699, -0.029971625912638179, 0.03016712161790094, -0.049680515353039689, 0.096279043837144168, -0.078969599806177487, 0.027065323695949071, -0.025195732916945081, 0.0024624231408894581, -0.087294451861792036, -0.001613579128582648, 0.075227452164652334, 0.052335808904474382, 0.05016284128904553, 0.018922817027339767, -0.087393749002479593, -0.019267218714996738, -0.022986926590424873, -0.010901028554986897, 0.033662205996825414, -0.030823195349115408, -0.0058664838801892761, 0.096298497222077631, 0.034489721633476994]\\ \hline23 & [-1.302 -1.254 -0.549 -0.342  1.646] & [ 0.003] & [-0.072124693271383891, -0.027379975865748165, -0.065626107242562445, -0.061103219323102594, 0.0096017700095211659, 0.016561830047823526, -0.051994018343903388, -0.025451952325570185, 0.0031305702294126304, -0.028819226858721261, 0.011257570843408959, 0.15190285233915968, 0.0066953798953693078, -0.044394224758238059, -0.054422698078458592, -0.068643625428423324, 0.022804209058044405, -0.045976002461892519, -0.023209562742937118, -0.017624573924654725, -0.029245009545678366, 0.010637974688087505, -0.028475963048516222, 0.010666266436695335, -0.087095614441628, 0.0084279877447936222, 0.086644460720140926, 0.014865334368042681, -0.014334712519666564, 0.057120856267971393, -0.081287851635889655, 0.060652854730984473, 0.0090482993831194243, 0.027970601535483038, 0.0033105128765528657, 0.074223993460195051, -0.00049064335213798828, -0.057443614772088293, -0.042368734969355684, -0.050154364236439597, 0.0014334806109452764, 0.083465437087201652, 0.026357926783265009, 0.016249000777307419, -0.00050824925206888346, -0.024521009501692555, 0.030746849417443819, -0.0027678247737788274, -0.073020840965774769, -0.018792156496413928]\\ \hline24 & [-1.244 -1.252 -0.547 -0.341  1.633] & [ 0.007] & [-0.2049350826452549, -0.066728302504596798, -0.16828741171544165, -0.22129585247097502, 0.038071942158409283, 0.0057613740504142367, -0.098191714737422664, -0.047195393800760738, 0.075956522987178574, -0.06810354925362179, 0.039620903743153829, 0.40813182569222128, 0.024595470409981769, -0.12493104564149547, -0.15573635233746086, -0.18697163951780738, 0.023924056780516411, -0.14850412501443253, -0.073471135131809917, -0.048578616164567434, -0.083775999279742497, 0.05257921176332854, -0.10056806516004436, 0.044169129441174494, -0.25053394040930371, 0.0079970802582075805, 0.21049725379038411, 0.036280600272648643, -0.097321777899672127, 0.17804434604547753, -0.20529239195391666, 0.18654510471359864, 0.049192795960130847, 0.13033701551288207, 0.013174444316573792, 0.20294010594848233, -0.002276414189471024, -0.17487687486089673, -0.12969775241837248, -0.17113993422218987, -0.043991265795388867, 0.24061480623304857, 0.03395286276260609, -0.013771126601003098, 0.0089295801906070314, -0.05415051287629357, 0.074928705186365796, -0.076191573884894268, -0.19868689860568484, -0.038190475331772937]\\ \hline25 & [-1.182 -1.251 -0.549 -0.338  1.625] & [ 0.011] & [-0.28522907989165097, -0.077353619634569215, -0.20944478248117926, -0.32139697751984297, 0.03387812632957872, 0.024255539032584806, -0.14521026772945084, -0.11740689697198922, 0.13425992741994058, -0.063326540941690795, 0.0064370789654198037, 0.59489042041782392, 0.064566026018073819, -0.20514336513643119, -0.2201507238288106, -0.29657999910074001, 0.027486566662313302, -0.20092415003632408, -0.15320061974383256, -0.10266262281944478, -0.13085564993430843, 0.075035940474802498, -0.13106550345090648, 0.14725683457548985, -0.38772438758039879, 0.018398632114751713, 0.25831391661310049, 0.012130727882450053, -0.14724956111334775, 0.34132120304844349, -0.40717199598452097, 0.2653704856003693, 0.090617017007346284, 0.19021783589236377, 0.020692213816829036, 0.24417056696452413, 0.0039084299618671889, -0.23722429902383912, -0.23196571799349164, -0.22103229606210037, -0.018238282049050421, 0.43277625769563277, 0.083675148639225025, -0.0079707273236580504, 0.066415754398230095, -0.10906511349772809, 0.13610117866750798, -0.10021509570479495, -0.31989865783673455, -0.10574076896515124]\\ \hline26 & [-1.131 -1.258 -0.549 -0.344  1.628] & [ 0.012] & [-0.30135972147480483, -0.05682217784370211, -0.20279082167190005, -0.42320887871270702, 0.019766121221201156, 0.055927701916428547, -0.14482915708747363, -0.067626299765855491, 0.15020366862155535, -0.051020873445642247, -0.042861664422247703, 0.62348442743143495, 0.005157998414324203, -0.2401738554442773, -0.190735178706223, -0.20266908935173211, -0.0052098695095150289, -0.22700616350288969, -0.18572318174054112, -0.10198309878545839, -0.15262241670164062, 0.070166710687313283, -0.13384456847783888, 0.18642747353891351, -0.39979774479477997, 0.023326191386487269, 0.24098395677802634, 0.086077930260276936, -0.15125365561574639, 0.40717233261553815, -0.47675021895366332, 0.27551597931120231, 0.098180311237628173, 0.2053423932663474, 0.091293209036847123, 0.31910759073927009, 0.060849255669772465, -0.28124746002030382, -0.22272315305046478, -0.17617587053079242, -0.048825461600670562, 0.45938736655934848, 0.068740154992825334, -0.0014148800219544676, 0.11997753241602577, -0.11065919140590896, 0.15182054560993372, -0.14697613257683492, -0.2991395786596337, -0.12636154821590073]\\ \hline27 & [-1.079 -1.254 -0.552 -0.346  1.624] & [ 0.012] & [-0.33331803287871348, 0.040762998577446065, -0.19922683731084767, -0.34466123419410821, 0.053329148354063834, 0.18403803915606309, -0.050618884085990648, -0.053951789253704079, 0.14582425892124598, -0.081437907304678869, -0.071387764027089642, 0.59292637381541047, 0.023558602417136691, -0.24587316536551551, -0.19681857262540564, -0.11711839110342498, -0.02209553144194306, -0.33350994760782543, -0.22442749704060086, -0.086997500539914882, -0.10077563839314096, 0.047731576261955809, -0.13197602344265685, 0.24296888451399293, -0.36919378551119164, 0.059456068218672539, 0.20811658684378759, 0.0061405123345261896, -0.16440905133486267, 0.35899595907533699, -0.45093171685123534, 0.28919484380286392, 0.1427593542935657, 0.14339079962662299, 0.087249948874431091, 0.20344921590318657, 0.084844295900436642, -0.24887824318481369, -0.16921002871655821, -0.10821236946024064, 0.054589399526196014, 0.46267286302465033, 0.061530623695797149, 0.04626515959810841, 0.049591035595356957, -0.090839462636983268, 0.18079948402799303, -0.18869047805768663, -0.36739741210756172, -0.12459137248001534]\\ \hline28 & [-0.945 -1.253 -0.557 -0.343  1.61 ] & [ 0.013] & [-0.35502519294076917, 0.031365684589229198, -0.23657360052623549, -0.29945203522365538, 0.10896519716510472, 0.23065898721764486, -0.066847034627077501, -0.18191593876506632, 0.19452381997947252, -0.030936899245141543, -0.063051547550185286, 0.5869833240164134, 0.02153135734882175, -0.17656325201788922, -0.19839022034630829, -0.083032487400272678, -0.045990191539161562, -0.44743973959206473, -0.29617550446706681, -0.050034492370698944, -0.14095870939108102, 0.072669380889109139, -0.20721663198724552, 0.23269772274038336, -0.41554631361102573, 0.028694229460089801, 0.25155706485214185, 0.033839365210621364, -0.1512884243604887, 0.3834166484204613, -0.50583070885684278, 0.28967112733515882, 0.077697164640270724, 0.13149792526179035, 0.087582860681882493, 0.19412778721130924, 0.18688360214978272, -0.19395205017355249, -0.19570595676798525, -0.11116884408248076, 0.062886297292732721, 0.48199146628461675, 0.073491635133871483, 0.02686516852018217, 0.080418280649163593, -0.017385687998928166, 0.17625869819182888, -0.21243998379328302, -0.39609420744385049, -0.073830949653786671]\\ \hline29 & [-0.942 -1.26  -0.559 -0.343  1.616] & [ 0.019] & [-0.5554474427334567, 0.04480266691719572, -0.25345182023689383, -0.44141806281725965, 0.047585138114150466, 0.26937354577306821, -0.13659696789949366, -0.2384465141075966, 0.13553181482973578, -0.011412061853638101, -0.14219984016766316, 0.90546627132135571, -0.029641239297061143, -0.27143138046466497, -0.26970223817390354, -0.14153261849255366, 0.067320375635303006, -0.62122945938503971, -0.45687316609188316, -0.22305733409282971, -0.20392633326633761, -0.087389065543929903, -0.33975743617622056, 0.19913124728120785, -0.70014298823939292, 0.18692325241584906, 0.55309472077202859, 0.036284880330675784, -0.19162247351541731, 0.53697782533864269, -0.64402126754179834, 0.61336388132848696, 0.083406475080487152, 0.2028455174136399, 0.078674108722206565, 0.23322527220771189, 0.23544425884186315, -0.30027066593608587, -0.26651234520915573, -0.16919107750359302, 0.10498059586389667, 0.75839523521687435, 0.17536936001709683, 0.12761336747584423, 0.10187739421012165, -0.031689935876382649, 0.21871505577694419, -0.31705044488863487, -0.66575250796233121, -0.051854814452119209]\\ \hline30 & [-0.888 -1.278 -0.563 -0.343  1.624] & [ 0.018] & [-0.54131249330925824, 0.056107380473494159, -0.29665946761429196, -0.30822184662334906, -0.012946493329863024, 0.14982130699201165, -0.14032829804308106, -0.23174610940087775, 0.13062063368536594, -0.019682932710026763, 0.014951095673768138, 0.88874737336524179, -0.15247855090329065, -0.32180384662200084, -0.23388608842793843, -0.16428876274674728, -0.022066242074331673, -0.58863544865271378, -0.48729720893221817, -0.18475959247999507, -0.19601355000821732, -0.06436373200554607, -0.25318475742233076, 0.077385211688839314, -0.63546400331434871, 0.12237225437070771, 0.39222842035301014, -0.023130255681311943, -0.29358645548667822, 0.4386388143758696, -0.63305387829656534, 0.58772146157823713, 0.046803991240303842, 0.12883938909072548, 0.26512255486299091, 0.26025085535344517, 0.21682715893929458, -0.23190365028840179, -0.31181428095550467, -0.097132237875355104, 0.091279539042959712, 0.63940302741647681, 0.22846762334381204, 0.04052138095067425, 0.13047826727837034, 0.020022045092701762, 0.23042895283674175, -0.33730045057407448, -0.53990882335395685, -0.19131603870809594]\\ \hline31 & [-0.714 -1.276 -0.568 -0.343  1.608] & [ 0.018] & [-0.50942531379586242, 0.1205501330657022, -0.315385272966825, -0.30573891728233377, -0.013234282363468988, 0.22493495287916365, -0.13039096422437979, -0.15447521598392855, 0.07597091242716722, -0.053734564655488627, -0.0024693354376846758, 0.79151214370784173, -0.11787469086281825, -0.33705658277076467, -0.11060540770551629, -0.13602313789929923, -0.10521621675436894, -0.59085728050716002, -0.48913653489171727, -0.26344167386426126, -0.21934583228916177, -0.005661331865912324, -0.26793393368402341, 0.10304997608794225, -0.65803504357929432, 0.15475045767300524, 0.34139194320143984, 0.064064094596017737, -0.28219824952170547, 0.54168159591638376, -0.78420330109567649, 0.61836672001535675, 0.12531822789973729, 0.0052977325650665581, 0.19077310197229569, 0.27646423208928922, 0.31756347239773236, -0.29110327004704289, -0.33222341307867703, -0.069979264096669019, -0.0050340529554928452, 0.72872182425206999, 0.20246850071750633, 0.12106106457740413, 0.10786793304781239, -0.011715551148461662, 0.079314290589820938, -0.25471158686794221, -0.5513766235220684, -0.15061957257397321]\\ \hline32 & [-0.641 -1.279 -0.573 -0.344  1.606] & [ 0.017] & [-0.48501245946165544, 0.13781452588099935, -0.1208264100205841, -0.27750342922112448, -0.00052231620322241437, 0.20150899299299718, -0.14597871749590405, -0.1458441209224231, 0.08319214471258482, -0.057512304957544239, 0.039282562312000849, 0.79946759095517994, -0.070492181136818752, -0.36113668051248687, -0.039955839764910753, -0.18773529267859543, -0.20653149043240762, -0.5944068731178781, -0.45909965910890255, -0.25921911216610977, -0.20638516445276331, -0.081877135902742176, -0.1742372546395238, 0.16915091004565461, -0.60905332541875334, 0.18559901900572831, 0.30602404536919592, 0.069168027890664049, -0.17070521338979963, 0.52992197658419138, -0.82961200997738827, 0.58599269335372506, 0.21482655590880098, -0.072136419823665823, 0.1757465584094374, 0.26101716471948522, 0.44810944728068602, -0.18613415902733696, -0.31901215882394951, -0.1841952101904043, -0.034666651149947852, 0.69742224962567223, 0.17506595684451443, 0.17417687755820424, 0.11206976388868317, 0.051186980025802187, 0.099169597577485946, -0.22685591609159531, -0.54247647718359138, -0.11957123401416452]\\ \hline33 & [-0.612 -1.283 -0.575 -0.344  1.606] & [ 0.016] & [-0.29975447130746058, 0.079935300957558061, -0.15911504469973542, -0.31118808779425616, -0.01439516404412711, 0.26173307740534457, -0.15353879570807138, -0.040433272559302222, 0.094188988589872333, -0.036776064856275686, 0.083223209136500526, 0.74319718333462936, -0.12878498876583611, -0.34022243720117035, -0.095781247311997303, -0.20242979869813005, -0.18294200330055496, -0.63265366838328141, -0.3776463168945281, -0.26588773291510803, -0.16283204275539348, -0.16290338094436904, -0.16078887181950227, 0.13712182490176822, -0.5930382398048879, 0.12187890530580363, 0.2870430732270417, 0.095729392983444392, -0.1098232622305249, 0.46533738734826735, -0.90109100018839527, 0.5396992058944925, 0.26958365016323083, -0.1000545337763577, 0.11646583872319767, 0.27111964111324716, 0.38138164956232246, -0.16855698509174014, -0.28763526123118838, -0.19418291309500127, -0.090023519097159652, 0.64074805203606611, 0.16492749067769141, 0.11619795235115506, 0.051619313301427619, 0.085215370537499738, 0.074463216578010541, -0.28980877183514137, -0.45670785377333617, -0.053228613326331116]\\ \hline34 & [-0.616 -1.282 -0.564 -0.34   1.593] & [ 0.017] & [-0.30699254631234291, 0.087875979883015973, -0.17248484613908038, -0.34846111951673042, -0.091459510988640275, 0.28439001248339851, -0.095340275932268306, -0.052375278111723898, 0.21294810756403668, -0.21310792356162739, 0.061240981971348155, 0.7581841292308823, -0.20518565813264558, -0.35736167901993321, -0.025950088609161936, -0.27047020512761188, -0.10368691453387198, -0.66144983705474769, -0.46747095291949564, -0.19635293863164038, -0.016623161651273276, -0.24228496039592542, -0.099886954714917139, 0.24200497677695115, -0.64525237178449002, 0.046937950990738983, 0.28890863905610892, 0.061981539350699305, -0.065021494518487946, 0.43907395837592639, -1.0115216590955753, 0.67335429762364585, 0.38071835893463118, -0.11210998129259327, 0.12065124571872328, 0.34842186002866671, 0.45430053490831579, -0.21460169851356664, -0.29840963382614766, -0.22120663101077689, -0.11872396545133895, 0.66474948434509762, 0.26937052004535733, 0.18795677515617634, 0.0056106183694445543, 0.017443032845911061, 0.053655702126050343, -0.27338537701641868, -0.44748997312517202, -0.014182569459883989]\\ \hline35 & [-0.631 -1.282 -0.573 -0.344  1.602] & [ 0.017] & [-0.34015831687046483, 0.044378788999682298, -0.15318453801324686, -0.37578575757801996, -0.041753205481667222, 0.41372828039873971, -0.085255128002060004, 0.013828750920375027, 0.19034186747032483, -0.22888649312726822, 0.16951942976959861, 0.78541230271395723, -0.14625635243254229, -0.22868422438903299, -0.046914909081379727, -0.25885013319716221, -0.0098541772267324388, -0.66824166392534223, -0.41725602247751886, -0.19564719294624305, -0.14693183613129118, -0.17941612592321274, -0.084667321466725509, 0.38073318841952764, -0.6636743667521765, 0.088531672826168528, 0.35824978097915533, 0.051839037451160232, -0.055520394612138049, 0.42769132145715499, -1.1283847409422969, 0.57885042775592799, 0.42264940534355039, -0.17758193378099471, 0.064178760294998319, 0.31779751885277469, 0.41000968528497916, -0.18755510915905116, -0.2967757466228419, -0.29313205254901442, -0.15296215582803474, 0.69059826710963734, 0.2802160331866852, 0.26173622324056633, 0.041646730863840083, 0.013202108523253375, 0.011215416441875372, -0.19106479813827701, -0.50236745652937032, 0.072389951639898059]\\ \hline36 & [-0.651 -1.286 -0.577 -0.342  1.607] & [ 0.018] & [-0.40795205156599557, 0.15692780491031116, -0.05136142907296827, -0.3804706370078213, 0.039611908768546929, 0.36708723817020572, -0.0038455490652832902, 0.015183494758433367, 0.089302360444972806, -0.15992966129777814, 0.18513998172154206, 0.85351872067419954, -0.16874206682998466, -0.25476206949527891, -0.010916903327182995, -0.2350881553204871, -0.091278807953989141, -0.58047589706548341, -0.4213653263096413, -0.34252553220360005, -0.082515236966876099, -0.14008256150417547, -0.034895957685003039, 0.41031458251376657, -0.88331824221271082, 0.03555263363660454, 0.4181113263461288, 0.047360435606916801, -0.097835553994712082, 0.36720391094253835, -1.119953752088279, 0.68445739235694525, 0.34519587913652466, -0.21634488592286275, 0.26662287379571853, 0.33550096345678515, 0.33527065241233217, -0.2233987188692248, -0.39177440870030811, -0.41407129012161492, -0.20842132885907924, 0.82806819972915557, 0.29794619003529499, 0.25863643276965986, 0.10756512900980926, 0.10620865348109508, 0.14445861992193948, -0.2556866377800105, -0.50604168483548506, 0.0004803561008573035]\\ \hline37 & [-0.655 -1.285 -0.578 -0.34   1.606] & [ 0.022] & [-0.39221486841160452, 0.10987013631351671, -0.14666316457238621, -0.35093184201802519, -0.015239039899775967, 0.55196416855424502, -0.010885470971076847, -0.081615994530095853, 0.15749345190000524, -0.24285142642852911, 0.2604048827733651, 0.88264412201062759, -0.26370255797156744, -0.33243743647853924, -0.060129164636226175, -0.24355838832610793, -0.15365281116857549, -0.69095187359238952, -0.79566847528422313, -0.41893894377400748, 0.016883574728394021, -0.094334110952690065, -0.17875539737998361, 0.51824997409177165, -1.1449546329391267, 0.054283218545575308, 0.48628135884224855, 0.059558703008091872, -0.07678798117498406, 0.45088647104314244, -1.2294407809058114, 0.85741593219665402, 0.48495590918261483, -0.25334290446612651, 0.41038787082298994, 0.35576112309982166, 0.37312387315286516, -0.42305076363405153, -0.50085458818092343, -0.47784708324386915, -0.2471149032558688, 0.87268225928824494, 0.35326012135642942, 0.1953725827659413, 0.18043393191823903, 0.10277054890832237, 0.25151523676814219, -0.3057255241286132, -0.67208652496036969, -0.088692946212572496]\\ \hline38 & [-0.532 -1.296 -0.589 -0.342  1.608] & [ 0.018] & [-0.36966944389667544, 0.011005665598695723, -0.14042685097251328, -0.43101102418156972, 0.040232750118240491, 0.49492970761149618, -0.085678821314818548, -0.081829322286651254, 0.20455479738783475, -0.15196049264381725, 0.16290834202356214, 0.76024069324543075, -0.16164296404617126, -0.40528970652464841, -0.036206033091262066, -0.15724644164630991, -0.22373774097707405, -0.56966374034662481, -0.78092229201702912, -0.31431829721293697, 0.066050276182065937, -0.037580288680502824, -0.20064722692652467, 0.44424403202149382, -0.96632750643742604, 0.012629763494647502, 0.32992132534065505, 0.11524618464558015, -0.2044735416195661, 0.39522071584735474, -1.1228805084178222, 0.74031209230415829, 0.42338280550424784, -0.21651125614745576, 0.4409261441838484, 0.31551343532887649, 0.30000817678134628, -0.3986435664042447, -0.43977389498178071, -0.38998076010462174, -0.2247510165801441, 0.74497003699928865, 0.36678738024413032, 0.14282198363617365, 0.23688836225790902, 0.120694759307095, 0.20833091415408056, -0.21427954516663708, -0.56160787315497007, -0.12225742201026252]\\ \hline39 & [-0.513 -1.275 -0.583 -0.35   1.596] & [ 0.015] & [-0.17747280863846671, -0.08854245270000223, -0.061204804486445399, -0.40162128448505729, 0.0951970328438147, 0.52501720029227128, 0.024576909611684246, -0.037289140762625066, 0.17930765711414492, -0.11706001242750914, 0.14495391617421169, 0.57646595536330114, -0.16086225963958442, -0.45380689728132273, -0.0055143135546197736, -0.14251267597037015, -0.087954779548592571, -0.43439122983885986, -0.66647118902329372, -0.19845991639819269, 0.0036752003632835356, -0.004765467659638872, -0.1947260475296943, 0.48709475435639871, -0.88429485748215764, 0.098555261414150899, 0.24956419740004712, 0.16059455005200449, -0.17554466200291424, 0.31504357513582193, -0.8619460733581501, 0.66996845438869179, 0.41395317593454756, -0.20302290803264966, 0.38038192703157764, 0.15455033015272923, 0.25289982757440344, -0.25250374149643018, -0.35807670616457971, -0.34164234704586477, -0.20592824659578363, 0.61708077734590994, 0.35414188619183107, 0.090003899012424102, 0.23722875697783818, 0.25238540590942121, 0.15064855290383755, -0.18739274115398241, -0.46177027821112349, -0.088380995806473489]\\ \hline40 & [-0.509 -1.273 -0.58  -0.352  1.593] & [ 0.015] & [-0.16530790670976517, -0.014311306070513162, 0.012815394485678375, -0.44149367935167833, 0.018467394648898534, 0.50444309614358984, 0.028810294901586882, 0.09240713649161876, 0.19650651147234527, -0.080913943852928744, 0.17053864693749107, 0.6290308732209523, -0.13095767086988411, -0.47039200980253626, -0.10431369075188621, -0.1579871021650133, -0.088839384277123179, -0.40598402352109536, -0.64103215908521793, -0.1693982970539234, -0.040811205539466093, 0.0016178233736399096, -0.16305776783622425, 0.45831871657864381, -0.83791300569741711, 0.039756762671297005, 0.21447452285210811, 0.13458644643775791, -0.045082381854922221, 0.31697334953922485, -0.82763050856228626, 0.63934293751958648, 0.39530769406713689, -0.2586042064648591, 0.43701619222929244, 0.17098546499426767, 0.20231343123472223, -0.27340758384127423, -0.43017339174941222, -0.30301040973106402, -0.14595225119074665, 0.6196168406028516, 0.26318593853258992, 0.13116479874665171, 0.27197993952014021, 0.32269165654043913, 0.15730616711169373, -0.2047813472918906, -0.51850712976675184, 0.021401959494344903]\\ \hline41 & [-0.537 -1.274 -0.573 -0.349  1.588] & [ 0.013] & [-0.20433642841890376, -0.030267256002844852, -0.011006872386648233, -0.27184151070973372, -0.0035583641439907057, 0.45971188916238936, 0.032592409580705813, 0.17227207282156537, 0.17502470393759362, -0.028079839230040819, 0.11744762808613134, 0.60819664557286712, -0.038858128345852741, -0.41004139967255582, -0.059202748295709526, -0.16443255954363495, -0.16410533181862993, -0.29572680267288909, -0.50681755751204405, -0.08524197639244567, -0.00084974421838031084, -0.070900203875784232, -0.12067228157864913, 0.40977001790335293, -0.80398174447167547, -0.011571014819253782, 0.1274899363861827, 0.15312720848101363, -0.0050879603016322243, 0.30596134828834637, -0.78437499309069481, 0.48534715631368047, 0.36460682744957695, -0.24065708102329617, 0.38888406600945075, 0.17529829130127089, 0.18586271961737882, -0.31483894388393652, -0.39821426535461429, -0.30877615790963869, -0.050280681961400765, 0.48720302447762392, 0.15631743960966163, 0.22753324214970008, 0.27772882319917708, 0.33536626412977483, 0.095815467848102007, -0.2227270251505491, -0.49147728188525514, -0.027842044316615685]\\ \hline42 & [-0.563 -1.267 -0.568 -0.351  1.586] & [ 0.012] & [-0.13282285947371064, 0.0029643574488204061, 0.024813585988500936, -0.24392758750603666, 0.036217880575219331, 0.44876740065713888, 0.011144829493306474, 0.085292729311360352, 0.17144955216930963, -0.022316555253076902, 0.16165826719361873, 0.56138240540871009, 0.048009706078111974, -0.39898957620206421, 0.035664629056605349, -0.20236292846103371, -0.11953323868882708, -0.26548453041151426, -0.43812651160859994, -0.021002519904814044, 0.019738324020973932, -0.06624864262337897, -0.12399674766674634, 0.44420023415741527, -0.79149605130441192, 0.02057301755498497, 0.14892613370993674, 0.12175577478713537, -0.020943406470641933, 0.23775928005330055, -0.73784038175130706, 0.43387604960053999, 0.4240537978319821, -0.28796695000333677, 0.41733943629430187, 0.10662783953422721, 0.19787402559952394, -0.32668247449415821, -0.41280084007174928, -0.28580856210565697, -0.11967172559970581, 0.45806442694235538, 0.11674481956565996, 0.16097288650891947, 0.27822706099577854, 0.32543857812735422, 0.029835340300103892, -0.23836135042571183, -0.49684196521946883, -0.023269556292656365]\\ \hline43 & [-0.61  -1.262 -0.565 -0.345  1.582] & [ 0.013] & [-0.22040966396398007, -0.025212440286458533, -0.046240423283100539, -0.40423408103494546, 0.061406428477741054, 0.50062752054469872, 0.0066753028478392859, 0.097660297351571806, 0.25127459071731079, -0.0665937167061465, 0.11807857957155264, 0.57931124148073398, 0.042260259662043984, -0.47128446388845729, 0.066760894210015798, -0.24252364203360732, -0.1903798764000969, -0.24632116870899604, -0.43382858507167305, 0.051940731471342101, 0.046218825083275947, -0.097460152889666196, -0.095177092902821822, 0.54465921103128578, -0.88496470043214548, 0.061891267868497114, 0.15536067541250642, 0.13491813387011306, -0.070653555926134315, 0.20482825360599338, -0.83113966068365597, 0.43690530643468617, 0.47120232968562337, -0.32767930918393201, 0.46268977550924029, 0.069672442696147474, 0.11247533280011053, -0.36602137665365519, -0.41663472646551142, -0.24547901419495111, -0.039021833703500305, 0.52579086749517279, 0.16652189673176113, 0.20848733024689897, 0.33367821416614768, 0.45134309119788146, 0.046677979995947104, -0.19133758526821026, -0.54825856543973595, -0.044399599363664326]\\ \hline44 & [-0.64  -1.258 -0.563 -0.346  1.579] & [ 0.013] & [-0.20378619067773787, 0.022380046606015756, -0.0068126217545729758, -0.3768142030847827, 0.0080564643896984776, 0.55732335529182331, 0.00028730437028033086, 0.13751082568821527, 0.26558728114050612, -0.067493339288774948, 0.054721082659492958, 0.49778334804400914, -0.03484890120899517, -0.35899406955855379, 0.11342753324648892, -0.20077516300219533, -0.10564648291741549, -0.22600566891466076, -0.42348154306242458, 0.092029554990335341, -0.014960607534384593, -0.011349988046538601, -0.083749065158365263, 0.52772522499956998, -0.87997145912901809, 0.065090851429146002, 0.16159511522680964, 0.14060027462775646, -0.068700677111102726, 0.23843894867624441, -0.87614973708295918, 0.42903439362581058, 0.41951078563622857, -0.35883216796995226, 0.4766006756201544, 0.14460445018869075, 0.07446730370998339, -0.30242696014801551, -0.40357882038010623, -0.25495400314488692, -0.073027475240233064, 0.46655439520076158, 0.16638123766697824, 0.16432285111892439, 0.34871995187098676, 0.60510251333702303, -0.02613594563183412, -0.10510741421975628, -0.50128756989712331, -0.1147949089174511]\\ \hline45 & [-0.714 -1.258 -0.559 -0.348  1.585] & [ 0.014] & [-0.29556288784580326, 0.067254128554376597, 0.085125474009865087, -0.35223990951818612, 0.089825536510207096, 0.60329815418758759, 0.01181553119774117, 0.23881878251126556, 0.29045255112966462, -0.068535943060069729, 0.05563873744257096, 0.51162994394703676, 0.036145651845759089, -0.38421212874412436, 0.11515185717587094, -0.22928686293690428, -0.10449111913375371, -0.32580152560719289, -0.45905096173006721, 0.098274244991657989, -0.052247092859862891, 0.034449398602843968, -0.042751477514045448, 0.52388492188396796, -1.0332460093461275, 0.020760227235411103, 0.19776866536818188, 0.14319458525844311, -0.091663945640585706, 0.2251781088387628, -0.88194968255510853, 0.44080539047984735, 0.39224868092228138, -0.39260254617012952, 0.56858092113860581, 0.23349028220308604, 0.080155905746834885, -0.32911185158554479, -0.39593024618350875, -0.20755942024194077, -0.076270300311866338, 0.54584476971049178, 0.2203475639215933, 0.15417302107837491, 0.34346669985039102, 0.64376637109511847, -0.059500999851615548, -0.1572195120862348, -0.45459798525853767, -0.1208912024109145]\\ \hline46 & [-0.751 -1.248 -0.558 -0.347  1.578] & [ 0.013] & [-0.34548888261199368, 0.096893217152835942, -0.008990108357560889, -0.23740663613951896, 0.078534143247814867, 0.59056046210047219, -0.0074736527581822677, 0.17877924878575374, 0.22679328391518136, -0.10788708805568922, 0.080509640886209655, 0.50711409648601147, -0.0076686668231157511, -0.31015869787393613, 0.00041374134931297071, -0.11313347701033405, -0.09879526592397378, -0.31426229034723902, -0.42254473485480609, 0.071587362853655162, -0.0484903416136611, 0.019094261824690588, -0.070245866847359131, 0.52351880377837889, -0.919008716973022, -0.0016134314907945407, 0.096956743734375697, 0.13752521186268105, -0.087147470012657755, 0.26232889425854405, -0.79739605724654594, 0.40749508225100856, 0.34351880683484687, -0.3791905395542145, 0.55141230967718635, 0.21104802865607936, 0.1801524991950994, -0.34847246301629736, -0.3608149190195144, -0.14795235542316865, -0.050489367342062719, 0.34547522903434463, 0.20450379271732222, 0.13637656529368664, 0.32619849194990758, 0.54207755051759665, -0.020259906351849225, -0.17924551731476185, -0.3888421876266302, -0.08728951593859588]\\ \hline47 & [-0.773 -1.245 -0.56  -0.349  1.583] & [ 0.013] & [-0.23534292050146108, 0.059423129060428445, -0.035977190846165547, -0.22721401671795419, 0.056408016542794072, 0.52835008311917075, 0.026786610290550392, 0.21808523746283975, 0.28809158179534522, -0.074942360975656541, 0.063085759894254259, 0.55173717009668355, 0.0044330236403169205, -0.37477692921718536, 0.016064352994481675, -0.15612491174871185, -0.093801852013397552, -0.27699942304396941, -0.31586215199415441, 0.048777211703595023, -0.078320188140528629, -0.03635240410447492, -0.15456415626592229, 0.53232844721434935, -0.89899757380807999, 0.039053974969156295, 0.017110303478674763, 0.2400448343460512, -0.14875730701343814, 0.30214291207212224, -0.83085271688715123, 0.42919781951419483, 0.45430951940747588, -0.39508441594113353, 0.56092640896082002, 0.13357014043343285, 0.17911838735104191, -0.34909855882272495, -0.35449306532464797, -0.1265529845546681, -0.017208748907882328, 0.30155807259265094, 0.2586588685565066, 0.12147489499715647, 0.29352605256273062, 0.4769394322623362, 0.04419794169164358, -0.056220525863367572, -0.42929024853451886, -0.05684719611241433]\\ \hline48 & [-0.797 -1.245 -0.563 -0.349  1.587] & [ 0.014] & [-0.26895349515235994, 0.0038675363040339898, -0.066610733469359015, -0.18948222783006433, -0.040304402771671959, 0.64061824428194547, 0.053931859683854978, 0.25228141597296017, 0.33254210789767258, -0.044306333128263174, 0.083243754786226212, 0.54594924699625702, -0.10871058882333003, -0.37672536092312231, 0.068407043817884428, -0.11316269632607763, -0.039146403833682897, -0.23762296110271525, -0.35059478861005439, 0.10909104617738141, -0.086932383736613356, -0.10592855569738996, -0.090677768344155127, 0.66008896703821451, -0.97325618614522635, 0.077878157565648476, 0.12621114026860439, 0.2954792962440117, -0.20980102088737382, 0.22544722748816351, -0.88930091843067316, 0.45219937288075257, 0.49686708055618689, -0.44284497487785712, 0.63421538702204283, 0.22318173198734675, 0.16997351461000412, -0.29693271229039575, -0.37462649111971413, -0.11948359361923225, -0.048269289264981724, 0.37720525541274341, 0.30216682040458614, 0.033637015323289138, 0.38424376266595855, 0.55573089088549743, 0.22852772805677901, -0.11567102728051326, -0.45159132127404233, -0.056617203159800941]\\ \hline49 & [-0.777 -1.24  -0.563 -0.353  1.583] & [ 0.014] & [-0.26558903495615821, 0.052206076901190772, -0.10185512740980752, -0.24456403084675832, -0.12435519077496061, 0.62217600737217504, 0.043885057372381561, 0.32986365967025666, 0.28895596305499943, -0.11434019203711085, 0.042721996374622706, 0.51141228077208967, -0.07617351122401253, -0.39621015898113043, 0.077476996472859744, -0.10492364396018929, -0.0079225179338980409, -0.21176968175585334, -0.3426780229270418, 0.17361496758382802, -0.057921610152915873, -0.15806281226206897, -0.037294955585621424, 0.74086896783261358, -1.0561134437402655, 0.075737485956903772, 0.057542314405056631, 0.27092009722686011, -0.17888099163098511, 0.18704521575996938, -0.83426786805761843, 0.46695503948930545, 0.46244617319067416, -0.48829047146848392, 0.63440190100541471, 0.20129486062272448, 0.14408995836423563, -0.38206913518157959, -0.37872857863659176, -0.092137841015442812, 0.046752840717443726, 0.29703816708126618, 0.29655168591265396, 0.034278195410841858, 0.33485051767435664, 0.5972695748260779, 0.19103123934603833, -0.13769038526976266, -0.3305307363958952, -0.071077517757103276]\\ \hline
    \end{tabular}
    \end{center}
    